,price,profit,total_cost,price_per_item,profit_per_item,item_order,effects
0,285.6000061035156,130.60000610351562,155.0,12.98181845925071,5.936363913796165,Addy -> Megabean -> Banana -> Gasoline -> Flu-meds -> Chili -> Energy drink -> Donut -> Chili -> Battery -> Cuke -> Addy -> Megabean -> Mouthwash -> Horse semen -> Iodine -> Motor oil -> Viagra -> Cuke -> Donut -> Mouthwash -> Iodine,"ANTI_GRAVITY, ATHLETIC, BALDING, BRIGHT_EYED, CYCLOPEAN, ELECTRIFYING, ENERGIZING, GINGERITIS, GLOWING, JENNERISING, LAXATIVE, LONG_FACED, PARANOIA, SCHIZOPHRENIC, SEDATING, SEIZURE_INDUCING, SLIPPERY, SMELLY, SNEAKY, SPICY, THOUGHT_PROVOKING, TROPIC_THUNDER, ZOMBIFYING"
1,285.6000061035156,138.60000610351562,147.0,12.98181845925071,6.300000277432528,Megabean -> Energy drink -> Megabean -> Banana -> Viagra -> Cuke -> Chili -> Mouthwash -> Gasoline -> Battery -> Cuke -> Donut -> Mouthwash -> Addy -> Megabean -> Iodine -> Horse semen -> Motor oil -> Cuke -> Donut -> Mouthwash -> Iodine,"ANTI_GRAVITY, ATHLETIC, BALDING, BRIGHT_EYED, CYCLOPEAN, DISORIENTING, ELECTRIFYING, ENERGIZING, GINGERITIS, GLOWING, JENNERISING, LAXATIVE, LONG_FACED, PARANOIA, SCHIZOPHRENIC, SEDATING, SLIPPERY, SMELLY, SNEAKY, SPICY, THOUGHT_PROVOKING, TROPIC_THUNDER, ZOMBIFYING"
2,285.6000061035156,125.60000610351562,160.0,12.98181845925071,5.7090911865234375,Megabean -> Chili -> Energy drink -> Addy -> Battery -> Horse semen -> Banana -> Chili -> Gasoline -> Viagra -> Cuke -> Megabean -> Motor oil -> Megabean -> Iodine -> Mouthwash -> Horse semen -> Motor oil -> Cuke -> Donut -> Mouthwash -> Iodine,"ANTI_GRAVITY, ATHLETIC, BALDING, BRIGHT_EYED, CYCLOPEAN, DISORIENTING, ELECTRIFYING, ENERGIZING, GINGERITIS, GLOWING, JENNERISING, LAXATIVE, LONG_FACED, PARANOIA, SEDATING, SLIPPERY, SMELLY, SNEAKY, SPICY, THOUGHT_PROVOKING, TROPIC_THUNDER, ZOMBIFYING"
3,285.6000061035156,149.60000610351562,136.0,13.600000290643601,7.123809814453125,Banana -> Cuke -> Flu-meds -> Chili -> Gasoline -> Battery -> Cuke -> Donut -> Addy -> Horse semen -> Megabean -> Iodine -> Motor oil -> Cuke -> Mouthwash -> Motor oil -> Viagra -> Cuke -> Donut -> Mouthwash -> Iodine,"ANTI_GRAVITY, ATHLETIC, BALDING, BRIGHT_EYED, CYCLOPEAN, ELECTRIFYING, ENERGIZING, GINGERITIS, GLOWING, JENNERISING, LONG_FACED, PARANOIA, SCHIZOPHRENIC, SEDATING, SEIZURE_INDUCING, SLIPPERY, SMELLY, SNEAKY, SPICY, THOUGHT_PROVOKING, TROPIC_THUNDER, ZOMBIFYING"
4,285.6000061035156,138.60000610351562,147.0,13.600000290643601,6.600000290643601,Donut -> Addy -> Donut -> Iodine -> Gasoline -> Flu-meds -> Cuke -> Chili -> Gasoline -> Battery -> Cuke -> Addy -> Megabean -> Horse semen -> Iodine -> Motor oil -> Viagra -> Cuke -> Donut -> Mouthwash -> Iodine,"ANTI_GRAVITY, ATHLETIC, BALDING, BRIGHT_EYED, CYCLOPEAN, ELECTRIFYING, ENERGIZING, GINGERITIS, GLOWING, JENNERISING, LAXATIVE, LONG_FACED, SCHIZOPHRENIC, SEDATING, SEIZURE_INDUCING, SLIPPERY, SMELLY, SNEAKY, SPICY, THOUGHT_PROVOKING, TROPIC_THUNDER, ZOMBIFYING"
5,285.6000061035156,144.60000610351562,141.0,13.600000290643601,6.885714576357887,Megabean -> Cuke -> Banana -> Gasoline -> Battery -> Flu-meds -> Energy drink -> Donut -> Chili -> Cuke -> Addy -> Mouthwash -> Horse semen -> Megabean -> Iodine -> Motor oil -> Viagra -> Cuke -> Donut -> Mouthwash -> Iodine,"ANTI_GRAVITY, ATHLETIC, BALDING, BRIGHT_EYED, CYCLOPEAN, ELECTRIFYING, ENERGIZING, GINGERITIS, GLOWING, JENNERISING, LAXATIVE, LONG_FACED, PARANOIA, SEDATING, SEIZURE_INDUCING, SLIPPERY, SMELLY, SNEAKY, SPICY, THOUGHT_PROVOKING, TROPIC_THUNDER, ZOMBIFYING"
6,285.6000061035156,138.60000610351562,147.0,13.600000290643601,6.600000290643601,Banana -> Cuke -> Gasoline -> Battery -> Cuke -> Mouthwash -> Addy -> Flu-meds -> Megabean -> Energy drink -> Addy -> Horse semen -> Megabean -> Iodine -> Viagra -> Chili -> Motor oil -> Cuke -> Donut -> Mouthwash -> Iodine,"ANTI_GRAVITY, ATHLETIC, BALDING, BRIGHT_EYED, CYCLOPEAN, ELECTRIFYING, ENERGIZING, GINGERITIS, GLOWING, JENNERISING, LAXATIVE, LONG_FACED, SEDATING, SEIZURE_INDUCING, SLIPPERY, SMELLY, SNEAKY, SPICY, THOUGHT_PROVOKING, TROPIC_THUNDER, ZOMBIFYING"
7,285.6000061035156,140.60000610351562,145.0,13.600000290643601,6.695238385881696,Cuke -> Iodine -> Donut -> Megabean -> Gasoline -> Iodine -> Addy -> Battery -> Horse semen -> Donut -> Mouthwash -> Energy drink -> Megabean -> Chili -> Cuke -> Motor oil -> Viagra -> Cuke -> Donut -> Mouthwash -> Iodine,"ANTI_GRAVITY, ATHLETIC, BALDING, BRIGHT_EYED, CYCLOPEAN, ELECTRIFYING, ENERGIZING, GINGERITIS, GLOWING, JENNERISING, LAXATIVE, LONG_FACED, PARANOIA, SCHIZOPHRENIC, SEDATING, SLIPPERY, SMELLY, SNEAKY, SPICY, THOUGHT_PROVOKING, TROPIC_THUNDER, ZOMBIFYING"
8,285.6000061035156,131.60000610351562,154.0,13.600000290643601,6.266666957310268,Gasoline -> Banana -> Iodine -> Addy -> Megabean -> Gasoline -> Energy drink -> Battery -> Cuke -> Chili -> Mouthwash -> Flu-meds -> Addy -> Megabean -> Iodine -> Horse semen -> Motor oil -> Cuke -> Donut -> Mouthwash -> Iodine,"ANTI_GRAVITY, ATHLETIC, BALDING, BRIGHT_EYED, CYCLOPEAN, DISORIENTING, ELECTRIFYING, ENERGIZING, GINGERITIS, GLOWING, JENNERISING, LONG_FACED, PARANOIA, SCHIZOPHRENIC, SEDATING, SLIPPERY, SMELLY, SNEAKY, SPICY, THOUGHT_PROVOKING, TROPIC_THUNDER, ZOMBIFYING"
9,285.6000061035156,136.60000610351562,149.0,13.600000290643601,6.504762195405506,Megabean -> Chili -> Energy drink -> Iodine -> Viagra -> Cuke -> Donut -> Chili -> Mouthwash -> Gasoline -> Battery -> Cuke -> Addy -> Megabean -> Iodine -> Horse semen -> Motor oil -> Cuke -> Donut -> Mouthwash -> Iodine,"ANTI_GRAVITY, ATHLETIC, BALDING, BRIGHT_EYED, CYCLOPEAN, DISORIENTING, ELECTRIFYING, ENERGIZING, GINGERITIS, GLOWING, JENNERISING, LAXATIVE, LONG_FACED, SCHIZOPHRENIC, SEDATING, SLIPPERY, SMELLY, SNEAKY, SPICY, THOUGHT_PROVOKING, TROPIC_THUNDER, ZOMBIFYING"
10,285.6000061035156,131.60000610351562,154.0,13.600000290643601,6.266666957310268,Megabean -> Chili -> Energy drink -> Iodine -> Viagra -> Cuke -> Donut -> Chili -> Mouthwash -> Gasoline -> Battery -> Addy -> Megabean -> Megabean -> Iodine -> Horse semen -> Motor oil -> Cuke -> Donut -> Mouthwash -> Iodine,"ANTI_GRAVITY, ATHLETIC, BALDING, BRIGHT_EYED, CYCLOPEAN, DISORIENTING, ELECTRIFYING, ENERGIZING, GINGERITIS, GLOWING, JENNERISING, LONG_FACED, PARANOIA, SEDATING, SLIPPERY, SMELLY, SNEAKY, SPICY, THOUGHT_PROVOKING, TROPIC_THUNDER, ZOMBIFYING"
11,285.6000061035156,133.60000610351562,152.0,13.600000290643601,6.361905052548363,Addy -> Megabean -> Mouthwash -> Gasoline -> Energy drink -> Horse semen -> Battery -> Chili -> Banana -> Gasoline -> Viagra -> Megabean -> Cuke -> Megabean -> Iodine -> Horse semen -> Motor oil -> Cuke -> Donut -> Mouthwash -> Iodine,"ANTI_GRAVITY, ATHLETIC, BALDING, BRIGHT_EYED, CYCLOPEAN, DISORIENTING, ELECTRIFYING, ENERGIZING, GINGERITIS, GLOWING, JENNERISING, LAXATIVE, LONG_FACED, SEDATING, SLIPPERY, SMELLY, SNEAKY, SPICY, THOUGHT_PROVOKING, TROPIC_THUNDER, ZOMBIFYING"
12,285.6000061035156,138.60000610351562,147.0,13.600000290643601,6.600000290643601,Megabean -> Banana -> Energy drink -> Flu-meds -> Megabean -> Energy drink -> Donut -> Chili -> Battery -> Cuke -> Addy -> Megabean -> Mouthwash -> Horse semen -> Iodine -> Motor oil -> Viagra -> Cuke -> Donut -> Mouthwash -> Iodine,"ANTI_GRAVITY, ATHLETIC, BALDING, BRIGHT_EYED, CYCLOPEAN, ELECTRIFYING, ENERGIZING, GINGERITIS, GLOWING, JENNERISING, LAXATIVE, LONG_FACED, PARANOIA, SCHIZOPHRENIC, SEDATING, SEIZURE_INDUCING, SLIPPERY, SNEAKY, SPICY, THOUGHT_PROVOKING, TROPIC_THUNDER, ZOMBIFYING"
13,285.6000061035156,138.60000610351562,147.0,13.600000290643601,6.600000290643601,Megabean -> Chili -> Energy drink -> Banana -> Battery -> Gasoline -> Viagra -> Megabean -> Chili -> Cuke -> Horse semen -> Banana -> Megabean -> Mouthwash -> Iodine -> Horse semen -> Motor oil -> Cuke -> Donut -> Mouthwash -> Iodine,"ANTI_GRAVITY, ATHLETIC, BALDING, BRIGHT_EYED, CYCLOPEAN, DISORIENTING, ELECTRIFYING, ENERGIZING, GINGERITIS, GLOWING, JENNERISING, LAXATIVE, LONG_FACED, PARANOIA, SCHIZOPHRENIC, SEDATING, SLIPPERY, SNEAKY, SPICY, THOUGHT_PROVOKING, TROPIC_THUNDER, ZOMBIFYING"
14,285.6000061035156,148.60000610351562,137.0,14.280000305175781,7.430000305175781,Banana -> Cuke -> Flu-meds -> Chili -> Gasoline -> Battery -> Cuke -> Donut -> Horse semen -> Addy -> Megabean -> Mouthwash -> Horse semen -> Iodine -> Motor oil -> Viagra -> Cuke -> Donut -> Mouthwash -> Iodine,"ANTI_GRAVITY, ATHLETIC, BALDING, BRIGHT_EYED, CYCLOPEAN, ELECTRIFYING, ENERGIZING, GINGERITIS, GLOWING, JENNERISING, LONG_FACED, SCHIZOPHRENIC, SEDATING, SEIZURE_INDUCING, SLIPPERY, SMELLY, SNEAKY, SPICY, THOUGHT_PROVOKING, TROPIC_THUNDER, ZOMBIFYING"
15,285.6000061035156,151.60000610351562,134.0,14.280000305175781,7.580000305175782,Energy drink -> Banana -> Flu-meds -> Cuke -> Chili -> Gasoline -> Battery -> Cuke -> Donut -> Addy -> Mouthwash -> Horse semen -> Megabean -> Iodine -> Motor oil -> Viagra -> Cuke -> Donut -> Mouthwash -> Iodine,"ANTI_GRAVITY, ATHLETIC, BALDING, BRIGHT_EYED, CYCLOPEAN, ELECTRIFYING, ENERGIZING, GINGERITIS, GLOWING, JENNERISING, LONG_FACED, PARANOIA, SEDATING, SEIZURE_INDUCING, SLIPPERY, SMELLY, SNEAKY, SPICY, THOUGHT_PROVOKING, TROPIC_THUNDER, ZOMBIFYING"
16,285.6000061035156,148.60000610351562,137.0,14.280000305175781,7.430000305175781,Donut -> Megabean -> Banana -> Gasoline -> Iodine -> Addy -> Battery -> Horse semen -> Donut -> Mouthwash -> Energy drink -> Megabean -> Chili -> Cuke -> Motor oil -> Viagra -> Cuke -> Donut -> Mouthwash -> Iodine,"ANTI_GRAVITY, ATHLETIC, BALDING, BRIGHT_EYED, CYCLOPEAN, ELECTRIFYING, ENERGIZING, GINGERITIS, GLOWING, JENNERISING, LONG_FACED, PARANOIA, SCHIZOPHRENIC, SEDATING, SLIPPERY, SMELLY, SNEAKY, SPICY, THOUGHT_PROVOKING, TROPIC_THUNDER, ZOMBIFYING"
17,285.6000061035156,133.60000610351562,152.0,14.280000305175781,6.680000305175781,Mouthwash -> Addy -> Megabean -> Iodine -> Horse semen -> Chili -> Donut -> Mouthwash -> Gasoline -> Battery -> Cuke -> Addy -> Megabean -> Iodine -> Horse semen -> Motor oil -> Cuke -> Donut -> Mouthwash -> Iodine,"ANTI_GRAVITY, ATHLETIC, BALDING, BRIGHT_EYED, CYCLOPEAN, ELECTRIFYING, ENERGIZING, GINGERITIS, GLOWING, JENNERISING, LAXATIVE, LONG_FACED, SCHIZOPHRENIC, SEDATING, SLIPPERY, SMELLY, SNEAKY, SPICY, THOUGHT_PROVOKING, TROPIC_THUNDER, ZOMBIFYING"
18,285.6000061035156,142.60000610351562,143.0,14.280000305175781,7.130000305175781,Cuke -> Donut -> Iodine -> Gasoline -> Banana -> Iodine -> Gasoline -> Megabean -> Cuke -> Addy -> Battery -> Megabean -> Iodine -> Horse semen -> Chili -> Motor oil -> Cuke -> Donut -> Mouthwash -> Iodine,"ANTI_GRAVITY, ATHLETIC, BALDING, BRIGHT_EYED, CYCLOPEAN, DISORIENTING, ELECTRIFYING, ENERGIZING, GINGERITIS, GLOWING, JENNERISING, LONG_FACED, SCHIZOPHRENIC, SEDATING, SLIPPERY, SMELLY, SNEAKY, SPICY, THOUGHT_PROVOKING, TROPIC_THUNDER, ZOMBIFYING"
19,285.6000061035156,142.60000610351562,143.0,14.280000305175781,7.130000305175781,Horse semen -> Chili -> Gasoline -> Banana -> Megabean -> Gasoline -> Cuke -> Energy drink -> Mouthwash -> Battery -> Megabean -> Iodine -> Horse semen -> Chili -> Motor oil -> Viagra -> Cuke -> Donut -> Mouthwash -> Iodine,"ANTI_GRAVITY, ATHLETIC, BALDING, BRIGHT_EYED, CYCLOPEAN, ELECTRIFYING, ENERGIZING, GINGERITIS, GLOWING, JENNERISING, LAXATIVE, LONG_FACED, PARANOIA, SEDATING, SLIPPERY, SMELLY, SNEAKY, SPICY, THOUGHT_PROVOKING, TROPIC_THUNDER, ZOMBIFYING"
20,285.6000061035156,148.60000610351562,137.0,14.280000305175781,7.430000305175781,Cuke -> Chili -> Gasoline -> Battery -> Cuke -> Iodine -> Donut -> Addy -> Horse semen -> Megabean -> Iodine -> Motor oil -> Cuke -> Mouthwash -> Motor oil -> Viagra -> Cuke -> Donut -> Mouthwash -> Iodine,"ANTI_GRAVITY, ATHLETIC, BALDING, BRIGHT_EYED, CYCLOPEAN, ELECTRIFYING, ENERGIZING, GINGERITIS, GLOWING, JENNERISING, LONG_FACED, PARANOIA, SCHIZOPHRENIC, SEDATING, SEIZURE_INDUCING, SLIPPERY, SNEAKY, SPICY, THOUGHT_PROVOKING, TROPIC_THUNDER, ZOMBIFYING"
21,285.6000061035156,145.60000610351562,140.0,14.280000305175781,7.280000305175781,Megabean -> Energy drink -> Flu-meds -> Megabean -> Battery -> Cuke -> Donut -> Paracetamol -> Addy -> Horse semen -> Megabean -> Iodine -> Viagra -> Chili -> Cuke -> Motor oil -> Cuke -> Donut -> Mouthwash -> Iodine,"ANTI_GRAVITY, ATHLETIC, BALDING, BRIGHT_EYED, CYCLOPEAN, ELECTRIFYING, ENERGIZING, GINGERITIS, GLOWING, JENNERISING, LAXATIVE, LONG_FACED, SCHIZOPHRENIC, SEDATING, SEIZURE_INDUCING, SLIPPERY, SNEAKY, SPICY, THOUGHT_PROVOKING, TROPIC_THUNDER, ZOMBIFYING"
22,285.6000061035156,147.60000610351562,138.0,14.280000305175781,7.380000305175781,Megabean -> Mouthwash -> Donut -> Cuke -> Gasoline -> Energy drink -> Chili -> Battery -> Cuke -> Addy -> Mouthwash -> Horse semen -> Megabean -> Iodine -> Motor oil -> Viagra -> Cuke -> Donut -> Mouthwash -> Iodine,"ANTI_GRAVITY, ATHLETIC, BALDING, BRIGHT_EYED, CYCLOPEAN, ELECTRIFYING, ENERGIZING, GINGERITIS, GLOWING, JENNERISING, LAXATIVE, LONG_FACED, PARANOIA, SEDATING, SEIZURE_INDUCING, SLIPPERY, SNEAKY, SPICY, THOUGHT_PROVOKING, TROPIC_THUNDER, ZOMBIFYING"
23,285.6000061035156,145.60000610351562,140.0,14.280000305175781,7.280000305175781,Mouthwash -> Donut -> Addy -> Battery -> Horse semen -> Iodine -> Megabean -> Banana -> Chili -> Energy drink -> Megabean -> Mouthwash -> Chili -> Cuke -> Motor oil -> Viagra -> Cuke -> Donut -> Mouthwash -> Iodine,"ANTI_GRAVITY, ATHLETIC, BALDING, BRIGHT_EYED, CYCLOPEAN, ELECTRIFYING, ENERGIZING, GINGERITIS, GLOWING, JENNERISING, LAXATIVE, LONG_FACED, PARANOIA, SCHIZOPHRENIC, SEDATING, SLIPPERY, SNEAKY, SPICY, THOUGHT_PROVOKING, TROPIC_THUNDER, ZOMBIFYING"
24,285.6000061035156,136.60000610351562,149.0,14.280000305175781,6.830000305175782,Addy -> Megabean -> Gasoline -> Energy drink -> Horse semen -> Battery -> Chili -> Addy -> Banana -> Cuke -> Viagra -> Megabean -> Mouthwash -> Iodine -> Horse semen -> Motor oil -> Cuke -> Donut -> Mouthwash -> Iodine,"ANTI_GRAVITY, ATHLETIC, BALDING, BRIGHT_EYED, CYCLOPEAN, DISORIENTING, ELECTRIFYING, ENERGIZING, GINGERITIS, GLOWING, JENNERISING, LONG_FACED, PARANOIA, SCHIZOPHRENIC, SEDATING, SLIPPERY, SNEAKY, SPICY, THOUGHT_PROVOKING, TROPIC_THUNDER, ZOMBIFYING"
25,285.6000061035156,148.60000610351562,137.0,14.280000305175781,7.430000305175781,Cuke -> Gasoline -> Iodine -> Gasoline -> Cuke -> Chili -> Gasoline -> Battery -> Cuke -> Donut -> Mouthwash -> Addy -> Megabean -> Iodine -> Horse semen -> Motor oil -> Cuke -> Donut -> Mouthwash -> Iodine,"ANTI_GRAVITY, ATHLETIC, BALDING, BRIGHT_EYED, CYCLOPEAN, DISORIENTING, ELECTRIFYING, ENERGIZING, GINGERITIS, GLOWING, JENNERISING, LAXATIVE, LONG_FACED, SCHIZOPHRENIC, SEDATING, SLIPPERY, SNEAKY, SPICY, THOUGHT_PROVOKING, TROPIC_THUNDER, ZOMBIFYING"
26,285.6000061035156,149.60000610351562,136.0,14.280000305175781,7.480000305175781,Cuke -> Gasoline -> Iodine -> Gasoline -> Cuke -> Chili -> Gasoline -> Battery -> Cuke -> Megabean -> Motor oil -> Banana -> Megabean -> Iodine -> Horse semen -> Motor oil -> Cuke -> Donut -> Mouthwash -> Iodine,"ANTI_GRAVITY, ATHLETIC, BALDING, BRIGHT_EYED, CYCLOPEAN, DISORIENTING, ELECTRIFYING, ENERGIZING, GINGERITIS, GLOWING, JENNERISING, LAXATIVE, LONG_FACED, PARANOIA, SEDATING, SLIPPERY, SNEAKY, SPICY, THOUGHT_PROVOKING, TROPIC_THUNDER, ZOMBIFYING"
27,285.6000061035156,139.60000610351562,146.0,14.280000305175781,6.980000305175781,Gasoline -> Cuke -> Gasoline -> Addy -> Horse semen -> Chili -> Battery -> Iodine -> Gasoline -> Banana -> Megabean -> Cuke -> Megabean -> Iodine -> Horse semen -> Motor oil -> Cuke -> Donut -> Mouthwash -> Iodine,"ANTI_GRAVITY, ATHLETIC, BALDING, BRIGHT_EYED, CYCLOPEAN, DISORIENTING, ELECTRIFYING, ENERGIZING, GINGERITIS, GLOWING, JENNERISING, LAXATIVE, LONG_FACED, SEDATING, SLIPPERY, SNEAKY, SPICY, THOUGHT_PROVOKING, TROPIC_THUNDER, ZOMBIFYING"
28,285.6000061035156,157.60000610351562,128.0,15.031579268606086,8.294737163342928,Banana -> Cuke -> Flu-meds -> Chili -> Gasoline -> Battery -> Cuke -> Donut -> Addy -> Mouthwash -> Horse semen -> Megabean -> Iodine -> Motor oil -> Viagra -> Cuke -> Donut -> Mouthwash -> Iodine,"ANTI_GRAVITY, ATHLETIC, BALDING, BRIGHT_EYED, CYCLOPEAN, ELECTRIFYING, ENERGIZING, GINGERITIS, GLOWING, JENNERISING, LONG_FACED, SEDATING, SEIZURE_INDUCING, SLIPPERY, SMELLY, SNEAKY, SPICY, THOUGHT_PROVOKING, TROPIC_THUNDER, ZOMBIFYING"
29,285.6000061035156,148.60000610351562,137.0,15.031579268606086,7.821052952816612,Donut -> Iodine -> Gasoline -> Banana -> Megabean -> Gasoline -> Cuke -> Addy -> Battery -> Megabean -> Iodine -> Horse semen -> Chili -> Motor oil -> Viagra -> Cuke -> Donut -> Mouthwash -> Iodine,"ANTI_GRAVITY, ATHLETIC, BALDING, BRIGHT_EYED, CYCLOPEAN, ELECTRIFYING, ENERGIZING, GINGERITIS, GLOWING, JENNERISING, LONG_FACED, SCHIZOPHRENIC, SEDATING, SLIPPERY, SMELLY, SNEAKY, SPICY, THOUGHT_PROVOKING, TROPIC_THUNDER, ZOMBIFYING"
30,285.6000061035156,147.60000610351562,138.0,15.031579268606086,7.768421373869243,Horse semen -> Chili -> Mouthwash -> Megabean -> Banana -> Gasoline -> Cuke -> Energy drink -> Battery -> Megabean -> Iodine -> Horse semen -> Chili -> Motor oil -> Viagra -> Cuke -> Donut -> Mouthwash -> Iodine,"ANTI_GRAVITY, ATHLETIC, BALDING, BRIGHT_EYED, CYCLOPEAN, ELECTRIFYING, ENERGIZING, GINGERITIS, GLOWING, JENNERISING, LONG_FACED, PARANOIA, SEDATING, SLIPPERY, SMELLY, SNEAKY, SPICY, THOUGHT_PROVOKING, TROPIC_THUNDER, ZOMBIFYING"
31,285.6000061035156,147.60000610351562,138.0,15.031579268606086,7.768421373869243,Horse semen -> Mouthwash -> Banana -> Gasoline -> Cuke -> Addy -> Flu-meds -> Battery -> Energy drink -> Viagra -> Megabean -> Iodine -> Horse semen -> Chili -> Motor oil -> Cuke -> Donut -> Mouthwash -> Iodine,"ANTI_GRAVITY, ATHLETIC, BALDING, BRIGHT_EYED, CYCLOPEAN, ELECTRIFYING, ENERGIZING, GINGERITIS, GLOWING, JENNERISING, LAXATIVE, LONG_FACED, SEDATING, SLIPPERY, SMELLY, SNEAKY, SPICY, THOUGHT_PROVOKING, TROPIC_THUNDER, ZOMBIFYING"
32,285.6000061035156,139.60000610351562,146.0,15.031579268606086,7.347368742290296,Banana -> Gasoline -> Iodine -> Donut -> Horse semen -> Addy -> Megabean -> Donut -> Mouthwash -> Energy drink -> Battery -> Megabean -> Iodine -> Motor oil -> Horse semen -> Chili -> Donut -> Mouthwash -> Iodine,"ANTI_GRAVITY, ATHLETIC, BALDING, BRIGHT_EYED, CYCLOPEAN, DISORIENTING, ELECTRIFYING, ENERGIZING, GINGERITIS, GLOWING, JENNERISING, LONG_FACED, SEDATING, SLIPPERY, SMELLY, SNEAKY, SPICY, THOUGHT_PROVOKING, TROPIC_THUNDER, ZOMBIFYING"
33,285.6000061035156,147.60000610351562,138.0,15.031579268606086,7.768421373869243,Cuke -> Chili -> Gasoline -> Battery -> Cuke -> Iodine -> Horse semen -> Donut -> Addy -> Megabean -> Mouthwash -> Horse semen -> Iodine -> Motor oil -> Viagra -> Cuke -> Donut -> Mouthwash -> Iodine,"ANTI_GRAVITY, ATHLETIC, BALDING, BRIGHT_EYED, CYCLOPEAN, ELECTRIFYING, ENERGIZING, GINGERITIS, GLOWING, JENNERISING, LONG_FACED, SCHIZOPHRENIC, SEDATING, SEIZURE_INDUCING, SLIPPERY, SNEAKY, SPICY, THOUGHT_PROVOKING, TROPIC_THUNDER, ZOMBIFYING"
34,285.6000061035156,156.60000610351562,129.0,15.031579268606086,8.24210558439556,Paracetamol -> Flu-meds -> Cuke -> Chili -> Gasoline -> Battery -> Cuke -> Donut -> Addy -> Mouthwash -> Horse semen -> Megabean -> Iodine -> Motor oil -> Viagra -> Cuke -> Donut -> Mouthwash -> Iodine,"ANTI_GRAVITY, ATHLETIC, BALDING, BRIGHT_EYED, CYCLOPEAN, ELECTRIFYING, ENERGIZING, GINGERITIS, GLOWING, JENNERISING, LONG_FACED, PARANOIA, SEDATING, SEIZURE_INDUCING, SLIPPERY, SNEAKY, SPICY, THOUGHT_PROVOKING, TROPIC_THUNDER, ZOMBIFYING"
35,285.6000061035156,147.60000610351562,138.0,15.031579268606086,7.768421373869243,Megabean -> Energy drink -> Flu-meds -> Megabean -> Battery -> Cuke -> Donut -> Paracetamol -> Addy -> Horse semen -> Megabean -> Iodine -> Viagra -> Chili -> Motor oil -> Cuke -> Donut -> Mouthwash -> Iodine,"ANTI_GRAVITY, ATHLETIC, BALDING, BRIGHT_EYED, CYCLOPEAN, ELECTRIFYING, ENERGIZING, GINGERITIS, GLOWING, JENNERISING, LAXATIVE, LONG_FACED, SEDATING, SEIZURE_INDUCING, SLIPPERY, SNEAKY, SPICY, THOUGHT_PROVOKING, TROPIC_THUNDER, ZOMBIFYING"
36,285.6000061035156,155.60000610351562,130.0,15.031579268606086,8.18947400544819,Gasoline -> Cuke -> Donut -> Gasoline -> Battery -> Energy drink -> Iodine -> Addy -> Horse semen -> Banana -> Megabean -> Chili -> Cuke -> Motor oil -> Viagra -> Cuke -> Donut -> Mouthwash -> Iodine,"ANTI_GRAVITY, ATHLETIC, BALDING, BRIGHT_EYED, CYCLOPEAN, ELECTRIFYING, ENERGIZING, GINGERITIS, GLOWING, JENNERISING, LONG_FACED, PARANOIA, SCHIZOPHRENIC, SEDATING, SLIPPERY, SNEAKY, SPICY, THOUGHT_PROVOKING, TROPIC_THUNDER, ZOMBIFYING"
37,285.6000061035156,161.60000610351562,124.0,15.031579268606086,8.5052634791324,Cuke -> Gasoline -> Battery -> Cuke -> Donut -> Paracetamol -> Addy -> Horse semen -> Iodine -> Banana -> Megabean -> Chili -> Cuke -> Motor oil -> Viagra -> Cuke -> Donut -> Mouthwash -> Iodine,"ANTI_GRAVITY, ATHLETIC, BALDING, BRIGHT_EYED, CYCLOPEAN, ELECTRIFYING, ENERGIZING, GINGERITIS, GLOWING, JENNERISING, LAXATIVE, LONG_FACED, SCHIZOPHRENIC, SEDATING, SLIPPERY, SNEAKY, SPICY, THOUGHT_PROVOKING, TROPIC_THUNDER, ZOMBIFYING"
38,285.6000061035156,152.60000610351562,133.0,15.031579268606086,8.031579268606086,Megabean -> Cuke -> Gasoline -> Energy drink -> Horse semen -> Banana -> Battery -> Viagra -> Megabean -> Mouthwash -> Iodine -> Horse semen -> Cuke -> Chili -> Motor oil -> Cuke -> Donut -> Mouthwash -> Iodine,"ANTI_GRAVITY, ATHLETIC, BALDING, BRIGHT_EYED, CYCLOPEAN, DISORIENTING, ELECTRIFYING, ENERGIZING, GINGERITIS, GLOWING, JENNERISING, LONG_FACED, SCHIZOPHRENIC, SEDATING, SLIPPERY, SNEAKY, SPICY, THOUGHT_PROVOKING, TROPIC_THUNDER, ZOMBIFYING"
39,285.6000061035156,152.60000610351562,133.0,15.031579268606086,8.031579268606086,Cuke -> Chili -> Viagra -> Gasoline -> Battery -> Cuke -> Megabean -> Horse semen -> Motor oil -> Banana -> Megabean -> Iodine -> Mouthwash -> Horse semen -> Motor oil -> Cuke -> Donut -> Mouthwash -> Iodine,"ANTI_GRAVITY, ATHLETIC, BALDING, BRIGHT_EYED, CYCLOPEAN, ELECTRIFYING, ENERGIZING, GINGERITIS, GLOWING, JENNERISING, LAXATIVE, LONG_FACED, PARANOIA, SEDATING, SLIPPERY, SNEAKY, SPICY, THOUGHT_PROVOKING, TROPIC_THUNDER, ZOMBIFYING"
40,285.6000061035156,145.60000610351562,140.0,15.031579268606086,7.663158215974507,Addy -> Megabean -> Gasoline -> Energy drink -> Horse semen -> Battery -> Chili -> Banana -> Cuke -> Viagra -> Megabean -> Mouthwash -> Iodine -> Horse semen -> Motor oil -> Cuke -> Donut -> Mouthwash -> Iodine,"ANTI_GRAVITY, ATHLETIC, BALDING, BRIGHT_EYED, CYCLOPEAN, DISORIENTING, ELECTRIFYING, ENERGIZING, GINGERITIS, GLOWING, JENNERISING, LONG_FACED, PARANOIA, SEDATING, SLIPPERY, SNEAKY, SPICY, THOUGHT_PROVOKING, TROPIC_THUNDER, ZOMBIFYING"
41,285.6000061035156,154.60000610351562,131.0,15.866667005750868,8.588889227973091,Horse semen -> Chili -> Mouthwash -> Banana -> Gasoline -> Cuke -> Energy drink -> Battery -> Viagra -> Megabean -> Iodine -> Horse semen -> Chili -> Motor oil -> Cuke -> Donut -> Mouthwash -> Iodine,"ANTI_GRAVITY, ATHLETIC, BALDING, BRIGHT_EYED, CYCLOPEAN, ELECTRIFYING, ENERGIZING, GINGERITIS, GLOWING, JENNERISING, LONG_FACED, SEDATING, SLIPPERY, SMELLY, SNEAKY, SPICY, THOUGHT_PROVOKING, TROPIC_THUNDER, ZOMBIFYING"
42,285.6000061035156,153.60000610351562,132.0,15.866667005750868,8.533333672417534,Donut -> Iodine -> Megabean -> Cuke -> Chili -> Gasoline -> Battery -> Cuke -> Addy -> Horse semen -> Megabean -> Iodine -> Motor oil -> Viagra -> Cuke -> Donut -> Mouthwash -> Iodine,"ANTI_GRAVITY, ATHLETIC, BALDING, BRIGHT_EYED, CYCLOPEAN, ELECTRIFYING, ENERGIZING, GINGERITIS, GLOWING, JENNERISING, LONG_FACED, SEDATING, SEIZURE_INDUCING, SLIPPERY, SNEAKY, SPICY, THOUGHT_PROVOKING, TROPIC_THUNDER, ZOMBIFYING"
43,285.6000061035156,164.60000610351562,121.0,15.866667005750868,9.144444783528646,Cuke -> Gasoline -> Battery -> Cuke -> Paracetamol -> Addy -> Horse semen -> Iodine -> Banana -> Megabean -> Chili -> Cuke -> Motor oil -> Viagra -> Cuke -> Donut -> Mouthwash -> Iodine,"ANTI_GRAVITY, ATHLETIC, BALDING, BRIGHT_EYED, CYCLOPEAN, ELECTRIFYING, ENERGIZING, GINGERITIS, GLOWING, JENNERISING, LONG_FACED, SCHIZOPHRENIC, SEDATING, SLIPPERY, SNEAKY, SPICY, THOUGHT_PROVOKING, TROPIC_THUNDER, ZOMBIFYING"
44,285.6000061035156,152.60000610351562,133.0,15.866667005750868,8.477778116861979,Horse semen -> Chili -> Mouthwash -> Megabean -> Banana -> Cuke -> Energy drink -> Battery -> Megabean -> Iodine -> Horse semen -> Chili -> Motor oil -> Viagra -> Cuke -> Donut -> Mouthwash -> Iodine,"ANTI_GRAVITY, ATHLETIC, BALDING, BRIGHT_EYED, CYCLOPEAN, ELECTRIFYING, ENERGIZING, GINGERITIS, GLOWING, JENNERISING, LONG_FACED, PARANOIA, SEDATING, SLIPPERY, SNEAKY, SPICY, THOUGHT_PROVOKING, TROPIC_THUNDER, ZOMBIFYING"
45,285.6000061035156,151.60000610351562,134.0,15.866667005750868,8.422222561306423,Cuke -> Horse semen -> Addy -> Gasoline -> Horse semen -> Mouthwash -> Chili -> Banana -> Battery -> Cuke -> Megabean -> Iodine -> Horse semen -> Motor oil -> Cuke -> Donut -> Mouthwash -> Iodine,"ANTI_GRAVITY, ATHLETIC, BALDING, BRIGHT_EYED, CYCLOPEAN, ELECTRIFYING, ENERGIZING, GINGERITIS, GLOWING, JENNERISING, LAXATIVE, LONG_FACED, SEDATING, SLIPPERY, SNEAKY, SPICY, THOUGHT_PROVOKING, TROPIC_THUNDER, ZOMBIFYING"
46,285.6000061035156,154.60000610351562,131.0,15.866667005750868,8.588889227973091,Megabean -> Cuke -> Gasoline -> Energy drink -> Horse semen -> Banana -> Battery -> Viagra -> Megabean -> Mouthwash -> Iodine -> Horse semen -> Chili -> Motor oil -> Cuke -> Donut -> Mouthwash -> Iodine,"ANTI_GRAVITY, ATHLETIC, BALDING, BRIGHT_EYED, CYCLOPEAN, DISORIENTING, ELECTRIFYING, ENERGIZING, GINGERITIS, GLOWING, JENNERISING, LONG_FACED, SEDATING, SLIPPERY, SNEAKY, SPICY, THOUGHT_PROVOKING, TROPIC_THUNDER, ZOMBIFYING"
47,285.6000061035156,160.60000610351562,125.0,16.80000035903033,9.447059182559743,Megabean -> Cuke -> Horse semen -> Gasoline -> Banana -> Mouthwash -> Battery -> Megabean -> Iodine -> Horse semen -> Chili -> Motor oil -> Viagra -> Cuke -> Donut -> Mouthwash -> Iodine,"ANTI_GRAVITY, ATHLETIC, BALDING, BRIGHT_EYED, CYCLOPEAN, ELECTRIFYING, ENERGIZING, GINGERITIS, GLOWING, JENNERISING, LONG_FACED, SEDATING, SLIPPERY, SNEAKY, SPICY, THOUGHT_PROVOKING, TROPIC_THUNDER, ZOMBIFYING"
48,284.1999816894531,137.19998168945312,147.0,12.356520943019701,5.965216595193614,Donut -> Iodine -> Banana -> Gasoline -> Cuke -> Megabean -> Battery -> Cuke -> Chili -> Banana -> Gasoline -> Battery -> Cuke -> Horse semen -> Banana -> Energy drink -> Motor oil -> Megabean -> Horse semen -> Banana -> Cuke -> Chili -> Motor oil,"ANTI_GRAVITY, ATHLETIC, BALDING, BRIGHT_EYED, CALORIE_DENSE, CYCLOPEAN, ELECTRIFYING, EXPLOSIVE, GINGERITIS, GLOWING, JENNERISING, LONG_FACED, REFRESHING, SCHIZOPHRENIC, SEDATING, SEIZURE_INDUCING, SLIPPERY, SPICY, THOUGHT_PROVOKING, TROPIC_THUNDER, ZOMBIFYING"
49,284.1999816894531,133.19998168945312,151.0,14.209999084472656,6.659999084472656,Donut -> Megabean -> Energy drink -> Iodine -> Addy -> Horse semen -> Battery -> Chili -> Flu-meds -> Cuke -> Energy drink -> Paracetamol -> Addy -> Motor oil -> Megabean -> Horse semen -> Banana -> Cuke -> Chili -> Motor oil,"ANTI_GRAVITY, ATHLETIC, BALDING, BRIGHT_EYED, CALORIE_DENSE, CYCLOPEAN, ELECTRIFYING, GINGERITIS, GLOWING, JENNERISING, LONG_FACED, REFRESHING, SCHIZOPHRENIC, SEDATING, SEIZURE_INDUCING, SLIPPERY, SPICY, THOUGHT_PROVOKING, TROPIC_THUNDER, ZOMBIFYING"
50,284.1999816894531,165.19998168945312,119.0,14.209999084472656,8.259999084472657,Gasoline -> Cuke -> Donut -> Addy -> Donut -> Paracetamol -> Banana -> Battery -> Cuke -> Gasoline -> Motor oil -> Viagra -> Cuke -> Megabean -> Banana -> Horse semen -> Banana -> Cuke -> Chili -> Motor oil,"ANTI_GRAVITY, ATHLETIC, BALDING, BRIGHT_EYED, CALORIE_DENSE, CYCLOPEAN, ELECTRIFYING, EXPLOSIVE, GINGERITIS, GLOWING, JENNERISING, LONG_FACED, REFRESHING, SCHIZOPHRENIC, SEDATING, SLIPPERY, SPICY, THOUGHT_PROVOKING, TROPIC_THUNDER, ZOMBIFYING"
51,284.1999816894531,157.19998168945312,127.0,14.957893773129111,8.273683246813322,Banana -> Gasoline -> Horse semen -> Addy -> Donut -> Mouthwash -> Chili -> Donut -> Cuke -> Energy drink -> Megabean -> Mouthwash -> Banana -> Battery -> Horse semen -> Banana -> Cuke -> Chili -> Motor oil,"ANTI_GRAVITY, ATHLETIC, BALDING, BRIGHT_EYED, CALORIE_DENSE, CYCLOPEAN, ELECTRIFYING, GINGERITIS, GLOWING, JENNERISING, LONG_FACED, REFRESHING, SCHIZOPHRENIC, SEDATING, SLIPPERY, SPICY, THOUGHT_PROVOKING, TROPIC_THUNDER, ZOMBIFYING"
52,282.79998779296875,141.79998779296875,141.0,12.295651643172555,6.165216860563858,Donut -> Iodine -> Banana -> Gasoline -> Cuke -> Addy -> Donut -> Battery -> Megabean -> Flu-meds -> Banana -> Horse semen -> Banana -> Energy drink -> Megabean -> Banana -> Chili -> Viagra -> Cuke -> Motor oil -> Cuke -> Motor oil -> Mouthwash,"ANTI_GRAVITY, ATHLETIC, BALDING, BRIGHT_EYED, CYCLOPEAN, ELECTRIFYING, GINGERITIS, GLOWING, JENNERISING, LAXATIVE, LONG_FACED, REFRESHING, SCHIZOPHRENIC, SEDATING, SEIZURE_INDUCING, SLIPPERY, SNEAKY, SPICY, THOUGHT_PROVOKING, TROPIC_THUNDER, ZOMBIFYING"
53,282.79998779296875,142.79998779296875,140.0,12.854544899680398,6.490908536044034,Megabean -> Chili -> Energy drink -> Addy -> Donut -> Mouthwash -> Donut -> Battery -> Viagra -> Cuke -> Energy drink -> Horse semen -> Megabean -> Banana -> Banana -> Chili -> Viagra -> Cuke -> Motor oil -> Cuke -> Motor oil -> Mouthwash,"ANTI_GRAVITY, ATHLETIC, BALDING, BRIGHT_EYED, CYCLOPEAN, ELECTRIFYING, GINGERITIS, GLOWING, JENNERISING, LAXATIVE, LONG_FACED, REFRESHING, SCHIZOPHRENIC, SEDATING, SLIPPERY, SNEAKY, SPICY, THOUGHT_PROVOKING, TROPIC_THUNDER, ZOMBIFYING"
54,282.79998779296875,139.79998779296875,143.0,14.139999389648438,6.989999389648437,Banana -> Gasoline -> Cuke -> Donut -> Iodine -> Addy -> Horse semen -> Megabean -> Battery -> Energy drink -> Addy -> Banana -> Motor oil -> Megabean -> Horse semen -> Banana -> Cuke -> Chili -> Motor oil -> Mouthwash,"ANTI_GRAVITY, ATHLETIC, BALDING, BRIGHT_EYED, CYCLOPEAN, ELECTRIFYING, GINGERITIS, GLOWING, JENNERISING, LONG_FACED, REFRESHING, SCHIZOPHRENIC, SEDATING, SEIZURE_INDUCING, SLIPPERY, SNEAKY, SPICY, THOUGHT_PROVOKING, TROPIC_THUNDER, ZOMBIFYING"
55,282.79998779296875,155.79998779296875,127.0,14.88420988384046,8.199999357524671,Banana -> Gasoline -> Horse semen -> Addy -> Donut -> Mouthwash -> Chili -> Donut -> Cuke -> Energy drink -> Megabean -> Banana -> Battery -> Horse semen -> Banana -> Cuke -> Chili -> Motor oil -> Mouthwash,"ANTI_GRAVITY, ATHLETIC, BALDING, BRIGHT_EYED, CYCLOPEAN, ELECTRIFYING, GINGERITIS, GLOWING, JENNERISING, LONG_FACED, REFRESHING, SCHIZOPHRENIC, SEDATING, SLIPPERY, SNEAKY, SPICY, THOUGHT_PROVOKING, TROPIC_THUNDER, ZOMBIFYING"
56,281.3999938964844,140.39999389648438,141.0,12.234782343325408,6.104347560716712,Banana -> Gasoline -> Megabean -> Cuke -> Donut -> Addy -> Donut -> Paracetamol -> Battery -> Cuke -> Gasoline -> Energy drink -> Motor oil -> Cuke -> Horse semen -> Banana -> Megabean -> Horse semen -> Banana -> Cuke -> Chili -> Motor oil -> Viagra,"ANTI_GRAVITY, BALDING, BRIGHT_EYED, CALORIE_DENSE, CYCLOPEAN, ELECTRIFYING, EXPLOSIVE, GINGERITIS, GLOWING, JENNERISING, LONG_FACED, REFRESHING, SCHIZOPHRENIC, SEDATING, SEIZURE_INDUCING, SLIPPERY, SNEAKY, SPICY, THOUGHT_PROVOKING, TROPIC_THUNDER, ZOMBIFYING"
57,281.3999938964844,141.39999389648438,140.0,13.399999709356399,6.733333042689732,Megabean -> Mouthwash -> Banana -> Gasoline -> Donut -> Cuke -> Energy drink -> Horse semen -> Addy -> Donut -> Mouthwash -> Battery -> Horse semen -> Banana -> Megabean -> Horse semen -> Banana -> Cuke -> Chili -> Motor oil -> Viagra,"ANTI_GRAVITY, BALDING, BRIGHT_EYED, CALORIE_DENSE, CYCLOPEAN, ELECTRIFYING, GINGERITIS, GLOWING, JENNERISING, LONG_FACED, REFRESHING, SCHIZOPHRENIC, SEDATING, SEIZURE_INDUCING, SLIPPERY, SNEAKY, SPICY, THOUGHT_PROVOKING, TROPIC_THUNDER, ZOMBIFYING"
58,281.3999938964844,155.39999389648438,126.0,14.069999694824219,7.769999694824219,Cuke -> Donut -> Iodine -> Megabean -> Chili -> Energy drink -> Battery -> Flu-meds -> Cuke -> Banana -> Gasoline -> Cuke -> Megabean -> Banana -> Horse semen -> Banana -> Cuke -> Chili -> Motor oil -> Viagra,"ANTI_GRAVITY, BALDING, BRIGHT_EYED, CALORIE_DENSE, CYCLOPEAN, ELECTRIFYING, EXPLOSIVE, GINGERITIS, GLOWING, JENNERISING, LONG_FACED, REFRESHING, SCHIZOPHRENIC, SEDATING, SLIPPERY, SNEAKY, SPICY, THOUGHT_PROVOKING, TROPIC_THUNDER, ZOMBIFYING"
59,281.3999938964844,154.39999389648438,127.0,14.81052599455181,8.12631546823602,Mouthwash -> Flu-meds -> Horse semen -> Gasoline -> Donut -> Cuke -> Energy drink -> Addy -> Megabean -> Donut -> Mouthwash -> Banana -> Battery -> Horse semen -> Banana -> Cuke -> Chili -> Motor oil -> Viagra,"ANTI_GRAVITY, BALDING, BRIGHT_EYED, CALORIE_DENSE, CYCLOPEAN, ELECTRIFYING, GINGERITIS, GLOWING, JENNERISING, LONG_FACED, REFRESHING, SCHIZOPHRENIC, SEDATING, SLIPPERY, SNEAKY, SPICY, THOUGHT_PROVOKING, TROPIC_THUNDER, ZOMBIFYING"
60,280.0,137.0,143.0,11.666666666666666,5.708333333333333,Banana -> Gasoline -> Megabean -> Cuke -> Donut -> Addy -> Donut -> Paracetamol -> Battery -> Cuke -> Gasoline -> Energy drink -> Motor oil -> Cuke -> Horse semen -> Banana -> Megabean -> Horse semen -> Banana -> Cuke -> Chili -> Motor oil -> Viagra -> Cuke,"ANTI_GRAVITY, ATHLETIC, BALDING, BRIGHT_EYED, CALORIE_DENSE, CYCLOPEAN, ELECTRIFYING, ENERGIZING, EXPLOSIVE, GINGERITIS, GLOWING, JENNERISING, LONG_FACED, PARANOIA, REFRESHING, SCHIZOPHRENIC, SEDATING, SEIZURE_INDUCING, SPICY, THOUGHT_PROVOKING, TROPIC_THUNDER, ZOMBIFYING"
61,280.0,138.0,142.0,12.727272727272727,6.2727272727272725,Megabean -> Mouthwash -> Banana -> Gasoline -> Donut -> Cuke -> Energy drink -> Horse semen -> Addy -> Donut -> Mouthwash -> Battery -> Horse semen -> Banana -> Megabean -> Horse semen -> Banana -> Cuke -> Chili -> Motor oil -> Viagra -> Cuke,"ANTI_GRAVITY, ATHLETIC, BALDING, BRIGHT_EYED, CALORIE_DENSE, CYCLOPEAN, ELECTRIFYING, ENERGIZING, GINGERITIS, GLOWING, JENNERISING, LONG_FACED, PARANOIA, REFRESHING, SCHIZOPHRENIC, SEDATING, SEIZURE_INDUCING, SPICY, THOUGHT_PROVOKING, TROPIC_THUNDER, ZOMBIFYING"
62,280.0,136.0,144.0,12.727272727272727,6.181818181818182,Paracetamol -> Iodine -> Megabean -> Chili -> Energy drink -> Horse semen -> Addy -> Donut -> Battery -> Motor oil -> Cuke -> Paracetamol -> Horse semen -> Cuke -> Banana -> Megabean -> Banana -> Chili -> Viagra -> Cuke -> Motor oil -> Cuke,"ANTI_GRAVITY, ATHLETIC, BALDING, BRIGHT_EYED, CALORIE_DENSE, CYCLOPEAN, ELECTRIFYING, ENERGIZING, EXPLOSIVE, GINGERITIS, GLOWING, JENNERISING, LONG_FACED, REFRESHING, SCHIZOPHRENIC, SEDATING, SEIZURE_INDUCING, SPICY, THOUGHT_PROVOKING, TROPIC_THUNDER, ZOMBIFYING"
63,280.0,152.0,128.0,13.333333333333334,7.238095238095238,Cuke -> Donut -> Iodine -> Megabean -> Chili -> Energy drink -> Battery -> Flu-meds -> Cuke -> Banana -> Gasoline -> Cuke -> Megabean -> Banana -> Horse semen -> Banana -> Cuke -> Chili -> Motor oil -> Viagra -> Cuke,"ANTI_GRAVITY, ATHLETIC, BALDING, BRIGHT_EYED, CALORIE_DENSE, CYCLOPEAN, ELECTRIFYING, ENERGIZING, EXPLOSIVE, GINGERITIS, GLOWING, JENNERISING, LONG_FACED, PARANOIA, REFRESHING, SCHIZOPHRENIC, SEDATING, SPICY, THOUGHT_PROVOKING, TROPIC_THUNDER, ZOMBIFYING"
64,280.0,152.0,128.0,14.0,7.6,Mouthwash -> Horse semen -> Donut -> Cuke -> Megabean -> Energy drink -> Addy -> Donut -> Mouthwash -> Battery -> Horse semen -> Cuke -> Banana -> Megabean -> Banana -> Chili -> Viagra -> Cuke -> Motor oil -> Cuke,"ANTI_GRAVITY, ATHLETIC, BALDING, BRIGHT_EYED, CALORIE_DENSE, CYCLOPEAN, ELECTRIFYING, ENERGIZING, GINGERITIS, GLOWING, JENNERISING, LONG_FACED, REFRESHING, SCHIZOPHRENIC, SEDATING, SEIZURE_INDUCING, SPICY, THOUGHT_PROVOKING, TROPIC_THUNDER, ZOMBIFYING"
65,280.0,151.0,129.0,14.0,7.55,Mouthwash -> Flu-meds -> Horse semen -> Gasoline -> Donut -> Cuke -> Energy drink -> Addy -> Megabean -> Donut -> Mouthwash -> Banana -> Battery -> Horse semen -> Banana -> Cuke -> Chili -> Motor oil -> Viagra -> Cuke,"ANTI_GRAVITY, ATHLETIC, BALDING, BRIGHT_EYED, CALORIE_DENSE, CYCLOPEAN, ELECTRIFYING, ENERGIZING, GINGERITIS, GLOWING, JENNERISING, LONG_FACED, PARANOIA, REFRESHING, SCHIZOPHRENIC, SEDATING, SPICY, THOUGHT_PROVOKING, TROPIC_THUNDER, ZOMBIFYING"
66,280.0,164.0,116.0,14.0,8.2,Megabean -> Cuke -> Donut -> Banana -> Paracetamol -> Cuke -> Gasoline -> Energy drink -> Battery -> Viagra -> Cuke -> Megabean -> Flu-meds -> Banana -> Horse semen -> Banana -> Cuke -> Chili -> Motor oil -> Cuke,"ANTI_GRAVITY, ATHLETIC, BALDING, BRIGHT_EYED, CALORIE_DENSE, CYCLOPEAN, ELECTRIFYING, ENERGIZING, EXPLOSIVE, GINGERITIS, GLOWING, JENNERISING, LONG_FACED, REFRESHING, SCHIZOPHRENIC, SEDATING, SPICY, THOUGHT_PROVOKING, TROPIC_THUNDER, ZOMBIFYING"
67,280.0,154.0,126.0,14.736842105263158,8.105263157894736,Mouthwash -> Iodine -> Gasoline -> Cuke -> Horse semen -> Donut -> Addy -> Donut -> Mouthwash -> Megabean -> Banana -> Battery -> Horse semen -> Banana -> Cuke -> Chili -> Motor oil -> Viagra -> Cuke,"ANTI_GRAVITY, ATHLETIC, BALDING, BRIGHT_EYED, CALORIE_DENSE, CYCLOPEAN, ELECTRIFYING, ENERGIZING, GINGERITIS, GLOWING, JENNERISING, LONG_FACED, REFRESHING, SCHIZOPHRENIC, SEDATING, SPICY, THOUGHT_PROVOKING, TROPIC_THUNDER, ZOMBIFYING"
68,279.29998779296875,130.29998779296875,149.0,13.299999418712797,6.2047613234747026,Donut -> Megabean -> Energy drink -> Iodine -> Addy -> Horse semen -> Battery -> Chili -> Cuke -> Energy drink -> Paracetamol -> Addy -> Motor oil -> Megabean -> Banana -> Chili -> Viagra -> Cuke -> Motor oil -> Cuke -> Motor oil,"ANTI_GRAVITY, ATHLETIC, BALDING, BRIGHT_EYED, CALORIE_DENSE, CYCLOPEAN, ELECTRIFYING, GINGERITIS, GLOWING, JENNERISING, LONG_FACED, SCHIZOPHRENIC, SEDATING, SEIZURE_INDUCING, SLIPPERY, SPICY, THOUGHT_PROVOKING, TROPIC_THUNDER, ZOMBIFYING"
69,279.29998779296875,138.29998779296875,141.0,13.964999389648437,6.914999389648438,Gasoline -> Cuke -> Mouthwash -> Iodine -> Battery -> Addy -> Gasoline -> Horse semen -> Battery -> Addy -> Motor oil -> Cuke -> Megabean -> Banana -> Chili -> Viagra -> Cuke -> Motor oil -> Cuke -> Motor oil,"ANTI_GRAVITY, ATHLETIC, BALDING, BRIGHT_EYED, CALORIE_DENSE, CYCLOPEAN, ELECTRIFYING, GINGERITIS, GLOWING, JENNERISING, LONG_FACED, SCHIZOPHRENIC, SEDATING, SLIPPERY, SPICY, THOUGHT_PROVOKING, TROPIC_THUNDER, ZOMBIFYING"
70,278.6000061035156,127.60000610351562,151.0,12.663636641068893,5.800000277432528,Megabean -> Flu-meds -> Energy drink -> Chili -> Banana -> Viagra -> Cuke -> Gasoline -> Megabean -> Battery -> Cuke -> Motor oil -> Megabean -> Iodine -> Mouthwash -> Horse semen -> Motor oil -> Cuke -> Donut -> Horse semen -> Mouthwash -> Iodine,"ANTI_GRAVITY, ATHLETIC, BALDING, BRIGHT_EYED, CYCLOPEAN, DISORIENTING, ELECTRIFYING, ENERGIZING, GLOWING, JENNERISING, LAXATIVE, LONG_FACED, PARANOIA, SCHIZOPHRENIC, SEDATING, SLIPPERY, SMELLY, SNEAKY, SPICY, THOUGHT_PROVOKING, TROPIC_THUNDER, ZOMBIFYING"
71,278.6000061035156,117.60000610351562,161.0,12.663636641068893,5.345454822887074,Addy -> Megabean -> Gasoline -> Energy drink -> Horse semen -> Battery -> Chili -> Banana -> Gasoline -> Viagra -> Megabean -> Cuke -> Megabean -> Mouthwash -> Iodine -> Horse semen -> Motor oil -> Cuke -> Donut -> Horse semen -> Mouthwash -> Iodine,"ANTI_GRAVITY, ATHLETIC, BALDING, BRIGHT_EYED, CYCLOPEAN, DISORIENTING, ELECTRIFYING, ENERGIZING, GLOWING, JENNERISING, LAXATIVE, LONG_FACED, PARANOIA, SEDATING, SLIPPERY, SMELLY, SNEAKY, SPICY, THOUGHT_PROVOKING, TROPIC_THUNDER, ZOMBIFYING"
72,278.6000061035156,143.60000610351562,135.0,12.663636641068893,6.527273004705256,Donut -> Iodine -> Banana -> Gasoline -> Cuke -> Addy -> Donut -> Battery -> Megabean -> Flu-meds -> Banana -> Horse semen -> Banana -> Energy drink -> Megabean -> Banana -> Chili -> Viagra -> Cuke -> Motor oil -> Cuke -> Mouthwash,"ANTI_GRAVITY, ATHLETIC, BALDING, BRIGHT_EYED, CYCLOPEAN, ELECTRIFYING, ENERGIZING, GINGERITIS, GLOWING, JENNERISING, LAXATIVE, LONG_FACED, REFRESHING, SCHIZOPHRENIC, SEDATING, SEIZURE_INDUCING, SNEAKY, SPICY, THOUGHT_PROVOKING, TROPIC_THUNDER, ZOMBIFYING"
73,278.6000061035156,131.60000610351562,147.0,12.663636641068893,5.98181845925071,Donut -> Addy -> Donut -> Chili -> Cuke -> Iodine -> Energy drink -> Battery -> Horse semen -> Viagra -> Megabean -> Chili -> Energy drink -> Megabean -> Banana -> Banana -> Chili -> Cuke -> Motor oil -> Viagra -> Cuke -> Motor oil,"ANTI_GRAVITY, ATHLETIC, BALDING, BRIGHT_EYED, CALMING, CALORIE_DENSE, CYCLOPEAN, ELECTRIFYING, EXPLOSIVE, GINGERITIS, GLOWING, JENNERISING, LONG_FACED, REFRESHING, SCHIZOPHRENIC, SEIZURE_INDUCING, SLIPPERY, SPICY, THOUGHT_PROVOKING, TROPIC_THUNDER, ZOMBIFYING"
74,278.6000061035156,130.60000610351562,148.0,12.663636641068893,5.936363913796165,Addy -> Donut -> Iodine -> Gasoline -> Cuke -> Iodine -> Battery -> Chili -> Gasoline -> Battery -> Cuke -> Horse semen -> Energy drink -> Megabean -> Banana -> Banana -> Chili -> Cuke -> Motor oil -> Viagra -> Cuke -> Motor oil,"ANTI_GRAVITY, ATHLETIC, BALDING, BRIGHT_EYED, CALMING, CALORIE_DENSE, CYCLOPEAN, ELECTRIFYING, EXPLOSIVE, GINGERITIS, GLOWING, JENNERISING, LONG_FACED, REFRESHING, SCHIZOPHRENIC, SLIPPERY, SPICY, THOUGHT_PROVOKING, TROPIC_THUNDER, ZOMBIFYING"
75,278.6000061035156,117.60000610351562,161.0,13.266666957310267,5.600000290643601,Donut -> Megabean -> Addy -> Horse semen -> Megabean -> Battery -> Iodine -> Motor oil -> Gasoline -> Flu-meds -> Viagra -> Cuke -> Energy drink -> Gasoline -> Addy -> Megabean -> Donut -> Horse semen -> Chili -> Mouthwash -> Iodine,"ANTI_GRAVITY, ATHLETIC, BALDING, BRIGHT_EYED, CYCLOPEAN, DISORIENTING, ELECTRIFYING, ENERGIZING, GLOWING, JENNERISING, LONG_FACED, PARANOIA, SEDATING, SEIZURE_INDUCING, SLIPPERY, SMELLY, SNEAKY, SPICY, THOUGHT_PROVOKING, TROPIC_THUNDER, ZOMBIFYING"
76,278.6000061035156,126.60000610351562,152.0,13.266666957310267,6.02857171921503,Banana -> Cuke -> Gasoline -> Horse semen -> Chili -> Mouthwash -> Iodine -> Gasoline -> Cuke -> Gasoline -> Battery -> Addy -> Megabean -> Iodine -> Horse semen -> Motor oil -> Cuke -> Donut -> Horse semen -> Mouthwash -> Iodine,"ANTI_GRAVITY, ATHLETIC, BALDING, BRIGHT_EYED, CYCLOPEAN, DISORIENTING, ELECTRIFYING, ENERGIZING, GLOWING, JENNERISING, LONG_FACED, PARANOIA, SCHIZOPHRENIC, SEDATING, SLIPPERY, SMELLY, SNEAKY, SPICY, THOUGHT_PROVOKING, TROPIC_THUNDER, ZOMBIFYING"
77,278.6000061035156,142.60000610351562,136.0,13.266666957310267,6.790476481119792,Cuke -> Megabean -> Chili -> Energy drink -> Addy -> Donut -> Battery -> Chili -> Viagra -> Cuke -> Horse semen -> Banana -> Energy drink -> Megabean -> Banana -> Chili -> Cuke -> Motor oil -> Viagra -> Cuke -> Mouthwash,"ANTI_GRAVITY, ATHLETIC, BALDING, BRIGHT_EYED, CYCLOPEAN, ELECTRIFYING, ENERGIZING, GINGERITIS, GLOWING, JENNERISING, LONG_FACED, PARANOIA, REFRESHING, SCHIZOPHRENIC, SEDATING, SEIZURE_INDUCING, SNEAKY, SPICY, THOUGHT_PROVOKING, TROPIC_THUNDER, ZOMBIFYING"
78,278.6000061035156,144.60000610351562,134.0,13.266666957310267,6.885714576357887,Megabean -> Chili -> Energy drink -> Addy -> Donut -> Mouthwash -> Donut -> Battery -> Viagra -> Cuke -> Energy drink -> Horse semen -> Megabean -> Banana -> Banana -> Chili -> Viagra -> Cuke -> Motor oil -> Cuke -> Mouthwash,"ANTI_GRAVITY, ATHLETIC, BALDING, BRIGHT_EYED, CYCLOPEAN, ELECTRIFYING, ENERGIZING, GINGERITIS, GLOWING, JENNERISING, LAXATIVE, LONG_FACED, REFRESHING, SCHIZOPHRENIC, SEDATING, SNEAKY, SPICY, THOUGHT_PROVOKING, TROPIC_THUNDER, ZOMBIFYING"
79,278.6000061035156,125.60000610351562,153.0,13.930000305175781,6.280000305175781,Donut -> Addy -> Megabean -> Battery -> Flu-meds -> Energy drink -> Donut -> Addy -> Megabean -> Mouthwash -> Iodine -> Donut -> Motor oil -> Addy -> Gasoline -> Horse semen -> Donut -> Chili -> Mouthwash -> Iodine,"ANTI_GRAVITY, ATHLETIC, BALDING, BRIGHT_EYED, CYCLOPEAN, ELECTRIFYING, ENERGIZING, GLOWING, JENNERISING, LONG_FACED, PARANOIA, SCHIZOPHRENIC, SEDATING, SEIZURE_INDUCING, SLIPPERY, SMELLY, SNEAKY, SPICY, THOUGHT_PROVOKING, TROPIC_THUNDER, ZOMBIFYING"
80,278.6000061035156,134.60000610351562,144.0,13.930000305175781,6.730000305175781,Megabean -> Chili -> Energy drink -> Horse semen -> Battery -> Gasoline -> Addy -> Megabean -> Chili -> Banana -> Gasoline -> Viagra -> Cuke -> Mouthwash -> Horse semen -> Motor oil -> Cuke -> Donut -> Mouthwash -> Iodine,"ANTI_GRAVITY, ATHLETIC, BALDING, BRIGHT_EYED, CYCLOPEAN, ELECTRIFYING, ENERGIZING, GLOWING, JENNERISING, LAXATIVE, LONG_FACED, PARANOIA, SCHIZOPHRENIC, SEDATING, SLIPPERY, SMELLY, SNEAKY, SPICY, THOUGHT_PROVOKING, TROPIC_THUNDER, ZOMBIFYING"
81,278.6000061035156,141.60000610351562,137.0,13.930000305175781,7.080000305175782,Banana -> Cuke -> Flu-meds -> Gasoline -> Battery -> Cuke -> Donut -> Horse semen -> Addy -> Mouthwash -> Iodine -> Viagra -> Megabean -> Horse semen -> Chili -> Motor oil -> Cuke -> Donut -> Mouthwash -> Iodine,"ANTI_GRAVITY, ATHLETIC, BALDING, BRIGHT_EYED, CYCLOPEAN, DISORIENTING, ELECTRIFYING, ENERGIZING, GLOWING, JENNERISING, LAXATIVE, LONG_FACED, SCHIZOPHRENIC, SEDATING, SLIPPERY, SMELLY, SNEAKY, SPICY, THOUGHT_PROVOKING, TROPIC_THUNDER, ZOMBIFYING"
82,278.6000061035156,119.60000610351562,159.0,13.930000305175781,5.980000305175781,Banana -> Iodine -> Megabean -> Chili -> Energy drink -> Chili -> Battery -> Motor oil -> Flu-meds -> Megabean -> Energy drink -> Iodine -> Gasoline -> Addy -> Megabean -> Donut -> Horse semen -> Chili -> Mouthwash -> Iodine,"ANTI_GRAVITY, ATHLETIC, BALDING, BRIGHT_EYED, CYCLOPEAN, DISORIENTING, ELECTRIFYING, ENERGIZING, GLOWING, JENNERISING, LONG_FACED, PARANOIA, SEDATING, SLIPPERY, SMELLY, SNEAKY, SPICY, THOUGHT_PROVOKING, TROPIC_THUNDER, ZOMBIFYING"
83,278.6000061035156,130.60000610351562,148.0,13.930000305175781,6.530000305175781,Banana -> Cuke -> Addy -> Gasoline -> Horse semen -> Mouthwash -> Battery -> Iodine -> Flu-meds -> Addy -> Viagra -> Megabean -> Megabean -> Horse semen -> Chili -> Motor oil -> Cuke -> Donut -> Mouthwash -> Iodine,"ANTI_GRAVITY, ATHLETIC, BALDING, BRIGHT_EYED, CYCLOPEAN, DISORIENTING, ELECTRIFYING, ENERGIZING, GLOWING, JENNERISING, LAXATIVE, LONG_FACED, SEDATING, SLIPPERY, SMELLY, SNEAKY, SPICY, THOUGHT_PROVOKING, TROPIC_THUNDER, ZOMBIFYING"
84,278.6000061035156,133.60000610351562,145.0,13.930000305175781,6.680000305175781,Paracetamol -> Iodine -> Megabean -> Chili -> Energy drink -> Horse semen -> Battery -> Chili -> Addy -> Banana -> Cuke -> Viagra -> Megabean -> Mouthwash -> Horse semen -> Motor oil -> Cuke -> Donut -> Mouthwash -> Iodine,"ANTI_GRAVITY, ATHLETIC, BALDING, BRIGHT_EYED, CYCLOPEAN, DISORIENTING, ELECTRIFYING, ENERGIZING, GLOWING, JENNERISING, LAXATIVE, LONG_FACED, PARANOIA, SCHIZOPHRENIC, SEDATING, SLIPPERY, SNEAKY, SPICY, THOUGHT_PROVOKING, TROPIC_THUNDER, ZOMBIFYING"
85,278.6000061035156,133.60000610351562,145.0,13.930000305175781,6.680000305175781,Paracetamol -> Iodine -> Megabean -> Chili -> Energy drink -> Horse semen -> Battery -> Chili -> Addy -> Banana -> Viagra -> Megabean -> Cuke -> Mouthwash -> Horse semen -> Motor oil -> Cuke -> Donut -> Mouthwash -> Iodine,"ANTI_GRAVITY, ATHLETIC, BALDING, BRIGHT_EYED, CYCLOPEAN, DISORIENTING, ELECTRIFYING, ENERGIZING, GLOWING, JENNERISING, LONG_FACED, PARANOIA, SCHIZOPHRENIC, SEDATING, SLIPPERY, SNEAKY, SPICY, THOUGHT_PROVOKING, TROPIC_THUNDER, ZOMBIFYING"
86,278.6000061035156,128.60000610351562,150.0,13.930000305175781,6.430000305175781,Paracetamol -> Iodine -> Megabean -> Chili -> Energy drink -> Horse semen -> Battery -> Chili -> Addy -> Banana -> Viagra -> Megabean -> Megabean -> Mouthwash -> Horse semen -> Motor oil -> Cuke -> Donut -> Mouthwash -> Iodine,"ANTI_GRAVITY, ATHLETIC, BALDING, BRIGHT_EYED, CYCLOPEAN, DISORIENTING, ELECTRIFYING, ENERGIZING, GLOWING, JENNERISING, LAXATIVE, LONG_FACED, PARANOIA, SEDATING, SLIPPERY, SNEAKY, SPICY, THOUGHT_PROVOKING, TROPIC_THUNDER, ZOMBIFYING"
87,278.6000061035156,150.60000610351562,128.0,13.930000305175781,7.530000305175781,Mouthwash -> Horse semen -> Donut -> Cuke -> Megabean -> Energy drink -> Addy -> Donut -> Battery -> Horse semen -> Cuke -> Banana -> Megabean -> Banana -> Chili -> Viagra -> Cuke -> Motor oil -> Cuke -> Mouthwash,"ANTI_GRAVITY, ATHLETIC, BALDING, BRIGHT_EYED, CYCLOPEAN, ELECTRIFYING, ENERGIZING, GINGERITIS, GLOWING, JENNERISING, LONG_FACED, REFRESHING, SCHIZOPHRENIC, SEDATING, SEIZURE_INDUCING, SNEAKY, SPICY, THOUGHT_PROVOKING, TROPIC_THUNDER, ZOMBIFYING"
88,278.6000061035156,151.60000610351562,127.0,13.930000305175781,7.580000305175782,Donut -> Gasoline -> Banana -> Gasoline -> Energy drink -> Cuke -> Horse semen -> Addy -> Megabean -> Donut -> Banana -> Battery -> Horse semen -> Banana -> Cuke -> Chili -> Motor oil -> Viagra -> Cuke -> Mouthwash,"ANTI_GRAVITY, ATHLETIC, BALDING, BRIGHT_EYED, CYCLOPEAN, ELECTRIFYING, ENERGIZING, GINGERITIS, GLOWING, JENNERISING, LONG_FACED, PARANOIA, REFRESHING, SCHIZOPHRENIC, SEDATING, SNEAKY, SPICY, THOUGHT_PROVOKING, TROPIC_THUNDER, ZOMBIFYING"
89,278.6000061035156,125.60000610351562,153.0,13.930000305175781,6.280000305175781,Iodine -> Megabean -> Chili -> Energy drink -> Battery -> Viagra -> Megabean -> Chili -> Energy drink -> Horse semen -> Addy -> Megabean -> Horse semen -> Banana -> Chili -> Cuke -> Motor oil -> Viagra -> Cuke -> Motor oil,"ANTI_GRAVITY, ATHLETIC, BALDING, BRIGHT_EYED, CALMING, CALORIE_DENSE, CYCLOPEAN, ELECTRIFYING, GINGERITIS, GLOWING, JENNERISING, LONG_FACED, REFRESHING, SCHIZOPHRENIC, SEIZURE_INDUCING, SLIPPERY, SPICY, THOUGHT_PROVOKING, TROPIC_THUNDER, ZOMBIFYING"
90,278.6000061035156,127.60000610351562,151.0,14.663158215974507,6.715789794921875,Megabean -> Cuke -> Chili -> Energy drink -> Horse semen -> Addy -> Battery -> Megabean -> Mouthwash -> Iodine -> Donut -> Motor oil -> Addy -> Gasoline -> Horse semen -> Donut -> Chili -> Mouthwash -> Iodine,"ANTI_GRAVITY, ATHLETIC, BALDING, BRIGHT_EYED, CYCLOPEAN, ELECTRIFYING, ENERGIZING, GLOWING, JENNERISING, LONG_FACED, SCHIZOPHRENIC, SEDATING, SEIZURE_INDUCING, SLIPPERY, SMELLY, SNEAKY, SPICY, THOUGHT_PROVOKING, TROPIC_THUNDER, ZOMBIFYING"
91,278.6000061035156,134.60000610351562,144.0,14.663158215974507,7.084210847553454,Iodine -> Megabean -> Cuke -> Chili -> Gasoline -> Battery -> Cuke -> Energy drink -> Megabean -> Iodine -> Donut -> Motor oil -> Addy -> Gasoline -> Horse semen -> Donut -> Chili -> Mouthwash -> Iodine,"ANTI_GRAVITY, ATHLETIC, BALDING, BRIGHT_EYED, CYCLOPEAN, ELECTRIFYING, ENERGIZING, GLOWING, JENNERISING, LONG_FACED, PARANOIA, SEDATING, SEIZURE_INDUCING, SLIPPERY, SMELLY, SNEAKY, SPICY, THOUGHT_PROVOKING, TROPIC_THUNDER, ZOMBIFYING"
92,278.6000061035156,153.60000610351562,125.0,14.663158215974507,8.084210847553454,Energy drink -> Cuke -> Chili -> Gasoline -> Banana -> Megabean -> Cuke -> Addy -> Gasoline -> Battery -> Cuke -> Horse semen -> Mouthwash -> Motor oil -> Viagra -> Cuke -> Donut -> Mouthwash -> Iodine,"ANTI_GRAVITY, ATHLETIC, BALDING, BRIGHT_EYED, CYCLOPEAN, ELECTRIFYING, ENERGIZING, GLOWING, JENNERISING, LONG_FACED, PARANOIA, SCHIZOPHRENIC, SEDATING, SLIPPERY, SMELLY, SNEAKY, SPICY, THOUGHT_PROVOKING, TROPIC_THUNDER, ZOMBIFYING"
93,278.6000061035156,136.60000610351562,142.0,14.663158215974507,7.189474005448191,Megabean -> Addy -> Flu-meds -> Gasoline -> Paracetamol -> Megabean -> Energy drink -> Addy -> Megabean -> Donut -> Battery -> Chili -> Banana -> Gasoline -> Cuke -> Motor oil -> Horse semen -> Mouthwash -> Iodine,"ANTI_GRAVITY, ATHLETIC, BALDING, BRIGHT_EYED, CYCLOPEAN, ELECTRIFYING, ENERGIZING, GLOWING, JENNERISING, LAXATIVE, LONG_FACED, SCHIZOPHRENIC, SEDATING, SLIPPERY, SMELLY, SNEAKY, SPICY, THOUGHT_PROVOKING, TROPIC_THUNDER, ZOMBIFYING"
94,278.6000061035156,138.60000610351562,140.0,14.663158215974507,7.294737163342927,Cuke -> Megabean -> Banana -> Gasoline -> Battery -> Cuke -> Flu-meds -> Energy drink -> Horse semen -> Paracetamol -> Addy -> Megabean -> Iodine -> Chili -> Donut -> Motor oil -> Horse semen -> Mouthwash -> Iodine,"ANTI_GRAVITY, ATHLETIC, BALDING, BRIGHT_EYED, CYCLOPEAN, DISORIENTING, ELECTRIFYING, ENERGIZING, GLOWING, JENNERISING, LONG_FACED, SCHIZOPHRENIC, SEDATING, SLIPPERY, SMELLY, SNEAKY, SPICY, THOUGHT_PROVOKING, TROPIC_THUNDER, ZOMBIFYING"
95,278.6000061035156,144.60000610351562,134.0,14.663158215974507,7.610526637027138,Paracetamol -> Cuke -> Megabean -> Addy -> Flu-meds -> Chili -> Gasoline -> Addy -> Battery -> Cuke -> Horse semen -> Mouthwash -> Megabean -> Motor oil -> Viagra -> Cuke -> Donut -> Mouthwash -> Iodine,"ANTI_GRAVITY, ATHLETIC, BALDING, BRIGHT_EYED, CYCLOPEAN, ELECTRIFYING, ENERGIZING, GLOWING, JENNERISING, LAXATIVE, LONG_FACED, PARANOIA, SEDATING, SLIPPERY, SMELLY, SNEAKY, SPICY, THOUGHT_PROVOKING, TROPIC_THUNDER, ZOMBIFYING"
96,278.6000061035156,133.60000610351562,145.0,14.663158215974507,7.031579268606086,Donut -> Addy -> Megabean -> Energy drink -> Horse semen -> Iodine -> Gasoline -> Battery -> Cuke -> Mouthwash -> Donut -> Motor oil -> Addy -> Gasoline -> Horse semen -> Donut -> Chili -> Mouthwash -> Iodine,"ANTI_GRAVITY, ATHLETIC, BALDING, BRIGHT_EYED, CYCLOPEAN, ELECTRIFYING, ENERGIZING, GLOWING, JENNERISING, LONG_FACED, PARANOIA, SCHIZOPHRENIC, SEDATING, SEIZURE_INDUCING, SLIPPERY, SNEAKY, SPICY, THOUGHT_PROVOKING, TROPIC_THUNDER, ZOMBIFYING"
97,278.6000061035156,141.60000610351562,137.0,14.663158215974507,7.4526319001850325,Paracetamol -> Gasoline -> Cuke -> Gasoline -> Battery -> Cuke -> Flu-meds -> Energy drink -> Horse semen -> Iodine -> Gasoline -> Addy -> Banana -> Megabean -> Donut -> Horse semen -> Chili -> Mouthwash -> Iodine,"ANTI_GRAVITY, ATHLETIC, BALDING, BRIGHT_EYED, CYCLOPEAN, DISORIENTING, ELECTRIFYING, ENERGIZING, GLOWING, JENNERISING, LONG_FACED, PARANOIA, SEDATING, SEIZURE_INDUCING, SLIPPERY, SNEAKY, SPICY, THOUGHT_PROVOKING, TROPIC_THUNDER, ZOMBIFYING"
98,278.6000061035156,144.60000610351562,134.0,14.663158215974507,7.610526637027138,Megabean -> Chili -> Energy drink -> Battery -> Chili -> Viagra -> Cuke -> Horse semen -> Addy -> Gasoline -> Banana -> Cuke -> Mouthwash -> Horse semen -> Motor oil -> Cuke -> Donut -> Mouthwash -> Iodine,"ANTI_GRAVITY, ATHLETIC, BALDING, BRIGHT_EYED, CYCLOPEAN, ELECTRIFYING, ENERGIZING, GLOWING, JENNERISING, LAXATIVE, LONG_FACED, PARANOIA, SCHIZOPHRENIC, SEDATING, SLIPPERY, SNEAKY, SPICY, THOUGHT_PROVOKING, TROPIC_THUNDER, ZOMBIFYING"
99,278.6000061035156,144.60000610351562,134.0,14.663158215974507,7.610526637027138,Cuke -> Horse semen -> Gasoline -> Battery -> Addy -> Megabean -> Energy drink -> Banana -> Viagra -> Cuke -> Megabean -> Mouthwash -> Horse semen -> Chili -> Motor oil -> Cuke -> Donut -> Mouthwash -> Iodine,"ANTI_GRAVITY, ATHLETIC, BALDING, BRIGHT_EYED, CYCLOPEAN, DISORIENTING, ELECTRIFYING, ENERGIZING, GLOWING, JENNERISING, LAXATIVE, LONG_FACED, SCHIZOPHRENIC, SEDATING, SLIPPERY, SNEAKY, SPICY, THOUGHT_PROVOKING, TROPIC_THUNDER, ZOMBIFYING"
100,278.6000061035156,139.60000610351562,139.0,14.663158215974507,7.347368742290296,Cuke -> Gasoline -> Battery -> Cuke -> Flu-meds -> Megabean -> Paracetamol -> Energy drink -> Horse semen -> Iodine -> Gasoline -> Addy -> Banana -> Megabean -> Donut -> Horse semen -> Chili -> Mouthwash -> Iodine,"ANTI_GRAVITY, ATHLETIC, BALDING, BRIGHT_EYED, CYCLOPEAN, DISORIENTING, ELECTRIFYING, ENERGIZING, GLOWING, JENNERISING, LONG_FACED, PARANOIA, SEDATING, SLIPPERY, SNEAKY, SPICY, THOUGHT_PROVOKING, TROPIC_THUNDER, ZOMBIFYING"
101,278.6000061035156,135.60000610351562,143.0,14.663158215974507,7.136842426500823,Cuke -> Horse semen -> Gasoline -> Addy -> Battery -> Horse semen -> Banana -> Iodine -> Viagra -> Megabean -> Megabean -> Mouthwash -> Horse semen -> Chili -> Motor oil -> Cuke -> Donut -> Mouthwash -> Iodine,"ANTI_GRAVITY, ATHLETIC, BALDING, BRIGHT_EYED, CYCLOPEAN, DISORIENTING, ELECTRIFYING, ENERGIZING, GLOWING, JENNERISING, LAXATIVE, LONG_FACED, SEDATING, SLIPPERY, SNEAKY, SPICY, THOUGHT_PROVOKING, TROPIC_THUNDER, ZOMBIFYING"
102,278.6000061035156,158.60000610351562,120.0,14.663158215974507,8.347368742290296,Mouthwash -> Banana -> Gasoline -> Horse semen -> Donut -> Cuke -> Addy -> Megabean -> Donut -> Banana -> Battery -> Horse semen -> Banana -> Cuke -> Chili -> Motor oil -> Viagra -> Cuke -> Mouthwash,"ANTI_GRAVITY, ATHLETIC, BALDING, BRIGHT_EYED, CYCLOPEAN, ELECTRIFYING, ENERGIZING, GINGERITIS, GLOWING, JENNERISING, LONG_FACED, REFRESHING, SCHIZOPHRENIC, SEDATING, SNEAKY, SPICY, THOUGHT_PROVOKING, TROPIC_THUNDER, ZOMBIFYING"
103,278.6000061035156,138.60000610351562,140.0,14.663158215974507,7.294737163342927,Iodine -> Megabean -> Chili -> Energy drink -> Battery -> Flu-meds -> Megabean -> Banana -> Energy drink -> Horse semen -> Addy -> Megabean -> Banana -> Chili -> Cuke -> Motor oil -> Viagra -> Cuke -> Motor oil,"ANTI_GRAVITY, ATHLETIC, BALDING, BRIGHT_EYED, CALMING, CALORIE_DENSE, CYCLOPEAN, ELECTRIFYING, GINGERITIS, GLOWING, JENNERISING, LONG_FACED, REFRESHING, SCHIZOPHRENIC, SLIPPERY, SPICY, THOUGHT_PROVOKING, TROPIC_THUNDER, ZOMBIFYING"
104,278.6000061035156,133.60000610351562,145.0,15.477778116861979,7.422222561306423,Donut -> Horse semen -> Addy -> Megabean -> Energy drink -> Battery -> Mouthwash -> Megabean -> Iodine -> Donut -> Motor oil -> Addy -> Gasoline -> Horse semen -> Donut -> Chili -> Mouthwash -> Iodine,"ANTI_GRAVITY, ATHLETIC, BALDING, BRIGHT_EYED, CYCLOPEAN, ELECTRIFYING, ENERGIZING, GLOWING, JENNERISING, LONG_FACED, SEDATING, SEIZURE_INDUCING, SLIPPERY, SMELLY, SNEAKY, SPICY, THOUGHT_PROVOKING, TROPIC_THUNDER, ZOMBIFYING"
105,278.6000061035156,159.60000610351562,119.0,15.477778116861979,8.866667005750868,Cuke -> Chili -> Gasoline -> Banana -> Megabean -> Cuke -> Addy -> Gasoline -> Battery -> Cuke -> Horse semen -> Mouthwash -> Motor oil -> Viagra -> Cuke -> Donut -> Mouthwash -> Iodine,"ANTI_GRAVITY, ATHLETIC, BALDING, BRIGHT_EYED, CYCLOPEAN, ELECTRIFYING, ENERGIZING, GLOWING, JENNERISING, LONG_FACED, SCHIZOPHRENIC, SEDATING, SLIPPERY, SMELLY, SNEAKY, SPICY, THOUGHT_PROVOKING, TROPIC_THUNDER, ZOMBIFYING"
106,278.6000061035156,152.60000610351562,126.0,15.477778116861979,8.477778116861979,Horse semen -> Banana -> Cuke -> Energy drink -> Mouthwash -> Chili -> Gasoline -> Battery -> Cuke -> Megabean -> Iodine -> Motor oil -> Viagra -> Cuke -> Donut -> Horse semen -> Mouthwash -> Iodine,"ANTI_GRAVITY, ATHLETIC, BALDING, BRIGHT_EYED, CYCLOPEAN, ELECTRIFYING, ENERGIZING, GLOWING, JENNERISING, LONG_FACED, PARANOIA, SEDATING, SLIPPERY, SMELLY, SNEAKY, SPICY, THOUGHT_PROVOKING, TROPIC_THUNDER, ZOMBIFYING"
107,278.6000061035156,154.60000610351562,124.0,15.477778116861979,8.588889227973091,Chili -> Gasoline -> Banana -> Megabean -> Cuke -> Addy -> Gasoline -> Battery -> Cuke -> Horse semen -> Mouthwash -> Megabean -> Motor oil -> Viagra -> Cuke -> Donut -> Mouthwash -> Iodine,"ANTI_GRAVITY, ATHLETIC, BALDING, BRIGHT_EYED, CYCLOPEAN, ELECTRIFYING, ENERGIZING, GLOWING, JENNERISING, LAXATIVE, LONG_FACED, SEDATING, SLIPPERY, SMELLY, SNEAKY, SPICY, THOUGHT_PROVOKING, TROPIC_THUNDER, ZOMBIFYING"
108,278.6000061035156,142.60000610351562,136.0,15.477778116861979,7.922222561306423,Megabean -> Banana -> Addy -> Megabean -> Gasoline -> Battery -> Cuke -> Flu-meds -> Energy drink -> Paracetamol -> Megabean -> Iodine -> Chili -> Donut -> Motor oil -> Horse semen -> Mouthwash -> Iodine,"ANTI_GRAVITY, ATHLETIC, BALDING, BRIGHT_EYED, CYCLOPEAN, DISORIENTING, ELECTRIFYING, ENERGIZING, GLOWING, JENNERISING, LONG_FACED, SEDATING, SLIPPERY, SMELLY, SNEAKY, SPICY, THOUGHT_PROVOKING, TROPIC_THUNDER, ZOMBIFYING"
109,278.6000061035156,142.60000610351562,136.0,15.477778116861979,7.922222561306423,Donut -> Addy -> Megabean -> Energy drink -> Iodine -> Gasoline -> Battery -> Cuke -> Mouthwash -> Chili -> Donut -> Motor oil -> Addy -> Gasoline -> Horse semen -> Donut -> Mouthwash -> Iodine,"ANTI_GRAVITY, ATHLETIC, BALDING, BRIGHT_EYED, CYCLOPEAN, ELECTRIFYING, ENERGIZING, GLOWING, JENNERISING, LONG_FACED, SCHIZOPHRENIC, SEDATING, SEIZURE_INDUCING, SLIPPERY, SNEAKY, SPICY, THOUGHT_PROVOKING, TROPIC_THUNDER, ZOMBIFYING"
110,278.6000061035156,142.60000610351562,136.0,15.477778116861979,7.922222561306423,Donut -> Addy -> Horse semen -> Mouthwash -> Iodine -> Gasoline -> Cuke -> Addy -> Gasoline -> Battery -> Cuke -> Energy drink -> Donut -> Gasoline -> Horse semen -> Chili -> Mouthwash -> Iodine,"ANTI_GRAVITY, ATHLETIC, BALDING, BRIGHT_EYED, CYCLOPEAN, ELECTRIFYING, ENERGIZING, GLOWING, JENNERISING, LONG_FACED, PARANOIA, SEDATING, SEIZURE_INDUCING, SLIPPERY, SNEAKY, SPICY, THOUGHT_PROVOKING, TROPIC_THUNDER, ZOMBIFYING"
111,278.6000061035156,153.60000610351562,125.0,15.477778116861979,8.533333672417534,Horse semen -> Addy -> Gasoline -> Cuke -> Energy drink -> Gasoline -> Banana -> Mouthwash -> Battery -> Horse semen -> Cuke -> Chili -> Motor oil -> Viagra -> Cuke -> Donut -> Mouthwash -> Iodine,"ANTI_GRAVITY, ATHLETIC, BALDING, BRIGHT_EYED, CYCLOPEAN, ELECTRIFYING, ENERGIZING, GLOWING, JENNERISING, LONG_FACED, PARANOIA, SCHIZOPHRENIC, SEDATING, SLIPPERY, SNEAKY, SPICY, THOUGHT_PROVOKING, TROPIC_THUNDER, ZOMBIFYING"
112,278.6000061035156,153.60000610351562,125.0,15.477778116861979,8.533333672417534,Gasoline -> Banana -> Megabean -> Gasoline -> Energy drink -> Chili -> Cuke -> Donut -> Addy -> Megabean -> Donut -> Battery -> Banana -> Cuke -> Motor oil -> Horse semen -> Mouthwash -> Iodine,"ANTI_GRAVITY, ATHLETIC, BALDING, BRIGHT_EYED, CYCLOPEAN, ELECTRIFYING, ENERGIZING, GLOWING, JENNERISING, LAXATIVE, LONG_FACED, SCHIZOPHRENIC, SEDATING, SLIPPERY, SNEAKY, SPICY, THOUGHT_PROVOKING, TROPIC_THUNDER, ZOMBIFYING"
113,278.6000061035156,133.60000610351562,145.0,15.477778116861979,7.422222561306423,Addy -> Megabean -> Gasoline -> Battery -> Cuke -> Flu-meds -> Energy drink -> Horse semen -> Paracetamol -> Addy -> Megabean -> Iodine -> Chili -> Donut -> Motor oil -> Horse semen -> Mouthwash -> Iodine,"ANTI_GRAVITY, ATHLETIC, BALDING, BRIGHT_EYED, CYCLOPEAN, DISORIENTING, ELECTRIFYING, ENERGIZING, GLOWING, JENNERISING, LONG_FACED, SCHIZOPHRENIC, SEDATING, SLIPPERY, SNEAKY, SPICY, THOUGHT_PROVOKING, TROPIC_THUNDER, ZOMBIFYING"
114,278.6000061035156,148.60000610351562,130.0,15.477778116861979,8.255555894639757,Megabean -> Chili -> Energy drink -> Chili -> Addy -> Battery -> Gasoline -> Banana -> Horse semen -> Mouthwash -> Cuke -> Megabean -> Motor oil -> Viagra -> Cuke -> Donut -> Mouthwash -> Iodine,"ANTI_GRAVITY, ATHLETIC, BALDING, BRIGHT_EYED, CYCLOPEAN, ELECTRIFYING, ENERGIZING, GLOWING, JENNERISING, LAXATIVE, LONG_FACED, PARANOIA, SEDATING, SLIPPERY, SNEAKY, SPICY, THOUGHT_PROVOKING, TROPIC_THUNDER, ZOMBIFYING"
115,278.6000061035156,140.60000610351562,138.0,15.477778116861979,7.8111114501953125,Donut -> Horse semen -> Addy -> Mouthwash -> Battery -> Horse semen -> Energy drink -> Chili -> Cuke -> Megabean -> Iodine -> Motor oil -> Viagra -> Cuke -> Donut -> Horse semen -> Mouthwash -> Iodine,"ANTI_GRAVITY, ATHLETIC, BALDING, BRIGHT_EYED, CYCLOPEAN, ELECTRIFYING, ENERGIZING, GLOWING, JENNERISING, LONG_FACED, PARANOIA, SEDATING, SLIPPERY, SNEAKY, SPICY, THOUGHT_PROVOKING, TROPIC_THUNDER, ZOMBIFYING"
116,278.6000061035156,158.60000610351562,120.0,16.388235653147976,9.329412123736214,Horse semen -> Banana -> Cuke -> Mouthwash -> Chili -> Gasoline -> Battery -> Cuke -> Megabean -> Iodine -> Motor oil -> Viagra -> Cuke -> Donut -> Horse semen -> Mouthwash -> Iodine,"ANTI_GRAVITY, ATHLETIC, BALDING, BRIGHT_EYED, CYCLOPEAN, ELECTRIFYING, ENERGIZING, GLOWING, JENNERISING, LONG_FACED, SEDATING, SLIPPERY, SMELLY, SNEAKY, SPICY, THOUGHT_PROVOKING, TROPIC_THUNDER, ZOMBIFYING"
117,278.6000061035156,140.60000610351562,138.0,16.388235653147976,8.27058859432445,Megabean -> Chili -> Energy drink -> Addy -> Megabean -> Iodine -> Gasoline -> Battery -> Cuke -> Chili -> Mouthwash -> Addy -> Donut -> Gasoline -> Horse semen -> Mouthwash -> Iodine,"ANTI_GRAVITY, ATHLETIC, BALDING, BRIGHT_EYED, CYCLOPEAN, ELECTRIFYING, ENERGIZING, GLOWING, JENNERISING, LONG_FACED, SEDATING, SEIZURE_INDUCING, SLIPPERY, SNEAKY, SPICY, THOUGHT_PROVOKING, TROPIC_THUNDER, ZOMBIFYING"
118,278.6000061035156,158.60000610351562,120.0,16.388235653147976,9.329412123736214,Cuke -> Megabean -> Banana -> Gasoline -> Energy drink -> Addy -> Paracetamol -> Megabean -> Donut -> Banana -> Battery -> Cuke -> Motor oil -> Horse semen -> Chili -> Mouthwash -> Iodine,"ANTI_GRAVITY, ATHLETIC, BALDING, BRIGHT_EYED, CYCLOPEAN, ELECTRIFYING, ENERGIZING, GLOWING, JENNERISING, LONG_FACED, SCHIZOPHRENIC, SEDATING, SLIPPERY, SNEAKY, SPICY, THOUGHT_PROVOKING, TROPIC_THUNDER, ZOMBIFYING"
119,278.6000061035156,166.60000610351562,112.0,16.388235653147976,9.800000359030332,Cuke -> Megabean -> Banana -> Chili -> Gasoline -> Battery -> Cuke -> Banana -> Horse semen -> Mouthwash -> Megabean -> Motor oil -> Viagra -> Cuke -> Donut -> Mouthwash -> Iodine,"ANTI_GRAVITY, ATHLETIC, BALDING, BRIGHT_EYED, CYCLOPEAN, ELECTRIFYING, ENERGIZING, GLOWING, JENNERISING, LAXATIVE, LONG_FACED, SEDATING, SLIPPERY, SNEAKY, SPICY, THOUGHT_PROVOKING, TROPIC_THUNDER, ZOMBIFYING"
120,278.6000061035156,144.60000610351562,134.0,16.388235653147976,8.505882711971507,Megabean -> Addy -> Megabean -> Gasoline -> Battery -> Cuke -> Flu-meds -> Energy drink -> Paracetamol -> Megabean -> Iodine -> Chili -> Donut -> Motor oil -> Horse semen -> Mouthwash -> Iodine,"ANTI_GRAVITY, ATHLETIC, BALDING, BRIGHT_EYED, CYCLOPEAN, DISORIENTING, ELECTRIFYING, ENERGIZING, GLOWING, JENNERISING, LONG_FACED, SEDATING, SLIPPERY, SNEAKY, SPICY, THOUGHT_PROVOKING, TROPIC_THUNDER, ZOMBIFYING"
121,278.6000061035156,149.60000610351562,129.0,17.412500381469727,9.350000381469727,Megabean -> Gasoline -> Cuke -> Flu-meds -> Energy drink -> Battery -> Addy -> Megabean -> Chili -> Gasoline -> Iodine -> Donut -> Motor oil -> Horse semen -> Mouthwash -> Iodine,"ANTI_GRAVITY, ATHLETIC, BALDING, BRIGHT_EYED, CYCLOPEAN, ELECTRIFYING, ENERGIZING, GLOWING, JENNERISING, LONG_FACED, SEDATING, SLIPPERY, SNEAKY, SPICY, THOUGHT_PROVOKING, TROPIC_THUNDER, ZOMBIFYING"
122,277.8999938964844,104.89999389648438,173.0,12.08260843028193,4.5608692998471465,Megabean -> Iodine -> Donut -> Cuke -> Chili -> Gasoline -> Battery -> Cuke -> Horse semen -> Addy -> Megabean -> Iodine -> Donut -> Motor oil -> Cuke -> Energy drink -> Motor oil -> Battery -> Chili -> Horse semen -> Megabean -> Iodine -> Motor oil,"ANTI_GRAVITY, ATHLETIC, BALDING, BRIGHT_EYED, CYCLOPEAN, DISORIENTING, ELECTRIFYING, EXPLOSIVE, GINGERITIS, GLOWING, JENNERISING, LONG_FACED, SCHIZOPHRENIC, SEDATING, SEIZURE_INDUCING, SLIPPERY, SMELLY, SNEAKY, SPICY, THOUGHT_PROVOKING, TROPIC_THUNDER, ZOMBIFYING"
123,277.8999938964844,137.89999389648438,140.0,12.08260843028193,5.995651908542799,Mouthwash -> Horse semen -> Donut -> Cuke -> Addy -> Battery -> Megabean -> Donut -> Energy drink -> Mouthwash -> Donut -> Banana -> Paracetamol -> Horse semen -> Megabean -> Banana -> Banana -> Chili -> Cuke -> Motor oil -> Viagra -> Cuke -> Motor oil,"ANTI_GRAVITY, ATHLETIC, BALDING, BRIGHT_EYED, CALMING, CYCLOPEAN, ELECTRIFYING, EXPLOSIVE, GINGERITIS, GLOWING, JENNERISING, LONG_FACED, REFRESHING, SCHIZOPHRENIC, SEDATING, SLIPPERY, SPICY, THOUGHT_PROVOKING, TROPIC_THUNDER, ZOMBIFYING"
124,277.8999938964844,129.89999389648438,148.0,12.631817904385654,5.904545177112926,Megabean -> Energy drink -> Chili -> Flu-meds -> Megabean -> Banana -> Cuke -> Gasoline -> Addy -> Battery -> Cuke -> Megabean -> Mouthwash -> Iodine -> Horse semen -> Donut -> Motor oil -> Cuke -> Donut -> Mouthwash -> Iodine -> Viagra,"ANTI_GRAVITY, BALDING, BRIGHT_EYED, CALMING, CYCLOPEAN, ELECTRIFYING, ENERGIZING, GINGERITIS, GLOWING, JENNERISING, LONG_FACED, PARANOIA, SCHIZOPHRENIC, SEDATING, SLIPPERY, SMELLY, SNEAKY, SPICY, THOUGHT_PROVOKING, TOXIC, TROPIC_THUNDER, ZOMBIFYING"
125,277.8999938964844,120.89999389648438,157.0,12.631817904385654,5.495454268022017,Addy -> Megabean -> Mouthwash -> Gasoline -> Energy drink -> Addy -> Battery -> Horse semen -> Chili -> Banana -> Gasoline -> Cuke -> Megabean -> Iodine -> Horse semen -> Donut -> Motor oil -> Cuke -> Donut -> Mouthwash -> Iodine -> Viagra,"ANTI_GRAVITY, BALDING, BRIGHT_EYED, CALMING, CYCLOPEAN, ELECTRIFYING, ENERGIZING, GINGERITIS, GLOWING, JENNERISING, LONG_FACED, PARANOIA, SEDATING, SLIPPERY, SMELLY, SNEAKY, SPICY, THOUGHT_PROVOKING, TOXIC, TROPIC_THUNDER, ZOMBIFYING"
126,277.8999938964844,122.89999389648438,155.0,12.631817904385654,5.586363358931108,Addy -> Megabean -> Banana -> Gasoline -> Flu-meds -> Chili -> Energy drink -> Donut -> Chili -> Battery -> Cuke -> Addy -> Megabean -> Horse semen -> Iodine -> Motor oil -> Viagra -> Cuke -> Donut -> Mouthwash -> Iodine -> Viagra,"ANTI_GRAVITY, BALDING, BRIGHT_EYED, CALMING, CYCLOPEAN, ELECTRIFYING, ENERGIZING, GINGERITIS, GLOWING, JENNERISING, LONG_FACED, PARANOIA, SCHIZOPHRENIC, SEDATING, SEIZURE_INDUCING, SLIPPERY, SMELLY, SNEAKY, SPICY, THOUGHT_PROVOKING, TROPIC_THUNDER, ZOMBIFYING"
127,277.8999938964844,131.89999389648438,146.0,12.631817904385654,5.995454268022017,Megabean -> Cuke -> Banana -> Gasoline -> Battery -> Flu-meds -> Energy drink -> Donut -> Chili -> Cuke -> Addy -> Horse semen -> Megabean -> Iodine -> Motor oil -> Donut -> Mouthwash -> Viagra -> Cuke -> Donut -> Iodine -> Motor oil,"ANTI_GRAVITY, ATHLETIC, BALDING, BRIGHT_EYED, CYCLOPEAN, ELECTRIFYING, EXPLOSIVE, GINGERITIS, GLOWING, JENNERISING, LAXATIVE, LONG_FACED, SCHIZOPHRENIC, SEDATING, SEIZURE_INDUCING, SLIPPERY, SMELLY, SNEAKY, SPICY, THOUGHT_PROVOKING, TROPIC_THUNDER, ZOMBIFYING"
128,277.8999938964844,106.89999389648438,171.0,12.631817904385654,4.859090631658381,Megabean -> Iodine -> Donut -> Cuke -> Chili -> Gasoline -> Battery -> Cuke -> Horse semen -> Addy -> Megabean -> Iodine -> Donut -> Motor oil -> Energy drink -> Motor oil -> Battery -> Chili -> Horse semen -> Megabean -> Iodine -> Motor oil,"ANTI_GRAVITY, ATHLETIC, BALDING, BRIGHT_EYED, CYCLOPEAN, DISORIENTING, ELECTRIFYING, EXPLOSIVE, GINGERITIS, GLOWING, JENNERISING, LONG_FACED, SEDATING, SEIZURE_INDUCING, SLIPPERY, SMELLY, SNEAKY, SPICY, THOUGHT_PROVOKING, TROPIC_THUNDER, ZOMBIFYING"
129,277.8999938964844,114.89999389648438,163.0,12.631817904385654,5.222726995294744,Megabean -> Cuke -> Iodine -> Flu-meds -> Gasoline -> Banana -> Battery -> Energy drink -> Gasoline -> Iodine -> Addy -> Megabean -> Megabean -> Iodine -> Donut -> Mouthwash -> Iodine -> Horse semen -> Chili -> Donut -> Mouthwash -> Iodine,"ANTI_GRAVITY, ATHLETIC, BALDING, BRIGHT_EYED, CYCLOPEAN, DISORIENTING, ELECTRIFYING, GINGERITIS, GLOWING, JENNERISING, LONG_FACED, PARANOIA, SEDATING, SLIPPERY, SMELLY, SNEAKY, SPICY, THOUGHT_PROVOKING, TROPIC_THUNDER, ZOMBIFYING"
130,277.8999938964844,132.89999389648438,145.0,13.233333042689733,6.3285711379278276,Megabean -> Energy drink -> Flu-meds -> Megabean -> Banana -> Paracetamol -> Cuke -> Chili -> Gasoline -> Battery -> Cuke -> Donut -> Addy -> Megabean -> Mouthwash -> Horse semen -> Iodine -> Donut -> Iodine -> Mouthwash -> Motor oil,"ANTI_GRAVITY, ATHLETIC, BALDING, BRIGHT_EYED, CYCLOPEAN, DISORIENTING, ELECTRIFYING, GINGERITIS, GLOWING, JENNERISING, LAXATIVE, LONG_FACED, SCHIZOPHRENIC, SEDATING, SEIZURE_INDUCING, SLIPPERY, SMELLY, SNEAKY, SPICY, THOUGHT_PROVOKING, TROPIC_THUNDER, ZOMBIFYING"
131,277.8999938964844,127.89999389648438,150.0,13.233333042689733,6.090475899832589,Donut -> Addy -> Horse semen -> Iodine -> Donut -> Cuke -> Chili -> Gasoline -> Battery -> Cuke -> Addy -> Megabean -> Horse semen -> Iodine -> Motor oil -> Viagra -> Cuke -> Donut -> Mouthwash -> Iodine -> Viagra,"ANTI_GRAVITY, BALDING, BRIGHT_EYED, CALMING, CYCLOPEAN, ELECTRIFYING, ENERGIZING, GINGERITIS, GLOWING, JENNERISING, LONG_FACED, SCHIZOPHRENIC, SEDATING, SEIZURE_INDUCING, SLIPPERY, SMELLY, SNEAKY, SPICY, THOUGHT_PROVOKING, TROPIC_THUNDER, ZOMBIFYING"
132,277.8999938964844,136.89999389648438,141.0,13.233333042689733,6.519047328404018,Megabean -> Cuke -> Banana -> Gasoline -> Battery -> Flu-meds -> Energy drink -> Donut -> Chili -> Cuke -> Addy -> Horse semen -> Megabean -> Iodine -> Motor oil -> Viagra -> Cuke -> Donut -> Mouthwash -> Iodine -> Viagra,"ANTI_GRAVITY, BALDING, BRIGHT_EYED, CALMING, CYCLOPEAN, ELECTRIFYING, ENERGIZING, GINGERITIS, GLOWING, JENNERISING, LONG_FACED, PARANOIA, SEDATING, SEIZURE_INDUCING, SLIPPERY, SMELLY, SNEAKY, SPICY, THOUGHT_PROVOKING, TROPIC_THUNDER, ZOMBIFYING"
133,277.8999938964844,130.89999389648438,147.0,13.233333042689733,6.233333042689732,Horse semen -> Banana -> Cuke -> Flu-meds -> Chili -> Gasoline -> Battery -> Cuke -> Energy drink -> Addy -> Horse semen -> Megabean -> Iodine -> Viagra -> Chili -> Motor oil -> Cuke -> Donut -> Mouthwash -> Iodine -> Viagra,"ANTI_GRAVITY, BALDING, BRIGHT_EYED, CALMING, CYCLOPEAN, ELECTRIFYING, ENERGIZING, GINGERITIS, GLOWING, JENNERISING, LONG_FACED, SEDATING, SEIZURE_INDUCING, SLIPPERY, SMELLY, SNEAKY, SPICY, THOUGHT_PROVOKING, TROPIC_THUNDER, ZOMBIFYING"
134,277.8999938964844,132.89999389648438,145.0,13.233333042689733,6.3285711379278276,Mouthwash -> Iodine -> Horse semen -> Donut -> Cuke -> Chili -> Mouthwash -> Gasoline -> Battery -> Cuke -> Addy -> Megabean -> Iodine -> Horse semen -> Donut -> Motor oil -> Cuke -> Donut -> Mouthwash -> Iodine -> Viagra,"ANTI_GRAVITY, BALDING, BRIGHT_EYED, CALMING, CYCLOPEAN, ELECTRIFYING, ENERGIZING, GINGERITIS, GLOWING, JENNERISING, LONG_FACED, PARANOIA, SCHIZOPHRENIC, SEDATING, SLIPPERY, SMELLY, SNEAKY, SPICY, THOUGHT_PROVOKING, TROPIC_THUNDER, ZOMBIFYING"
135,277.8999938964844,136.89999389648438,141.0,13.233333042689733,6.519047328404018,Cuke -> Gasoline -> Iodine -> Banana -> Cuke -> Gasoline -> Battery -> Cuke -> Chili -> Donut -> Mouthwash -> Gasoline -> Addy -> Motor oil -> Cuke -> Megabean -> Iodine -> Horse semen -> Donut -> Motor oil -> Iodine,"ANTI_GRAVITY, ATHLETIC, BALDING, BRIGHT_EYED, CYCLOPEAN, DISORIENTING, ELECTRIFYING, EXPLOSIVE, GINGERITIS, GLOWING, JENNERISING, LAXATIVE, LONG_FACED, SCHIZOPHRENIC, SEDATING, SLIPPERY, SMELLY, SNEAKY, SPICY, THOUGHT_PROVOKING, TROPIC_THUNDER, ZOMBIFYING"
136,277.8999938964844,130.89999389648438,147.0,13.233333042689733,6.233333042689732,Megabean -> Banana -> Energy drink -> Flu-meds -> Megabean -> Energy drink -> Donut -> Chili -> Battery -> Cuke -> Addy -> Megabean -> Horse semen -> Iodine -> Motor oil -> Viagra -> Cuke -> Donut -> Mouthwash -> Iodine -> Viagra,"ANTI_GRAVITY, BALDING, BRIGHT_EYED, CALMING, CYCLOPEAN, ELECTRIFYING, ENERGIZING, GINGERITIS, GLOWING, JENNERISING, LONG_FACED, PARANOIA, SCHIZOPHRENIC, SEDATING, SEIZURE_INDUCING, SLIPPERY, SNEAKY, SPICY, THOUGHT_PROVOKING, TROPIC_THUNDER, ZOMBIFYING"
137,277.8999938964844,134.89999389648438,143.0,13.233333042689733,6.4238092331659224,Megabean -> Mouthwash -> Donut -> Cuke -> Gasoline -> Energy drink -> Chili -> Battery -> Cuke -> Addy -> Horse semen -> Megabean -> Iodine -> Motor oil -> Donut -> Mouthwash -> Viagra -> Cuke -> Donut -> Iodine -> Motor oil,"ANTI_GRAVITY, ATHLETIC, BALDING, BRIGHT_EYED, CYCLOPEAN, ELECTRIFYING, EXPLOSIVE, GINGERITIS, GLOWING, JENNERISING, LAXATIVE, LONG_FACED, SCHIZOPHRENIC, SEDATING, SEIZURE_INDUCING, SLIPPERY, SNEAKY, SPICY, THOUGHT_PROVOKING, TROPIC_THUNDER, ZOMBIFYING"
138,277.8999938964844,122.89999389648438,155.0,13.233333042689733,5.852380661737351,Iodine -> Megabean -> Donut -> Addy -> Battery -> Megabean -> Donut -> Energy drink -> Motor oil -> Megabean -> Addy -> Donut -> Mouthwash -> Donut -> Paracetamol -> Horse semen -> Banana -> Megabean -> Chili -> Iodine -> Motor oil,"ANTI_GRAVITY, ATHLETIC, BALDING, BRIGHT_EYED, CYCLOPEAN, DISORIENTING, ELECTRIFYING, EXPLOSIVE, GINGERITIS, GLOWING, JENNERISING, LONG_FACED, SCHIZOPHRENIC, SEDATING, SEIZURE_INDUCING, SLIPPERY, SNEAKY, SPICY, THOUGHT_PROVOKING, TROPIC_THUNDER, ZOMBIFYING"
139,277.8999938964844,132.89999389648438,145.0,13.233333042689733,6.3285711379278276,Megabean -> Energy drink -> Flu-meds -> Chili -> Megabean -> Battery -> Cuke -> Mouthwash -> Donut -> Addy -> Horse semen -> Megabean -> Iodine -> Viagra -> Cuke -> Motor oil -> Cuke -> Donut -> Mouthwash -> Iodine -> Viagra,"ANTI_GRAVITY, BALDING, BRIGHT_EYED, CALMING, CYCLOPEAN, ELECTRIFYING, ENERGIZING, GINGERITIS, GLOWING, JENNERISING, LONG_FACED, SCHIZOPHRENIC, SEDATING, SEIZURE_INDUCING, SLIPPERY, SNEAKY, SPICY, THOUGHT_PROVOKING, TROPIC_THUNDER, ZOMBIFYING"
140,277.8999938964844,123.89999389648438,154.0,13.233333042689733,5.899999709356399,Gasoline -> Cuke -> Horse semen -> Flu-meds -> Battery -> Gasoline -> Iodine -> Energy drink -> Gasoline -> Addy -> Banana -> Megabean -> Megabean -> Donut -> Mouthwash -> Iodine -> Horse semen -> Chili -> Donut -> Mouthwash -> Iodine,"ANTI_GRAVITY, ATHLETIC, BALDING, BRIGHT_EYED, CYCLOPEAN, DISORIENTING, ELECTRIFYING, GINGERITIS, GLOWING, JENNERISING, LONG_FACED, PARANOIA, SEDATING, SLIPPERY, SNEAKY, SPICY, THOUGHT_PROVOKING, TROPIC_THUNDER, ZOMBIFYING"
141,277.8999938964844,136.89999389648438,141.0,13.894999694824218,6.844999694824219,Megabean -> Energy drink -> Chili -> Flu-meds -> Megabean -> Banana -> Cuke -> Gasoline -> Addy -> Battery -> Cuke -> Megabean -> Iodine -> Horse semen -> Motor oil -> Cuke -> Donut -> Mouthwash -> Iodine -> Viagra,"ANTI_GRAVITY, BALDING, BRIGHT_EYED, CALMING, CYCLOPEAN, ELECTRIFYING, ENERGIZING, GINGERITIS, GLOWING, JENNERISING, LONG_FACED, SCHIZOPHRENIC, SEDATING, SLIPPERY, SMELLY, SNEAKY, SPICY, THOUGHT_PROVOKING, TOXIC, TROPIC_THUNDER, ZOMBIFYING"
142,277.8999938964844,127.89999389648438,150.0,13.894999694824218,6.394999694824219,Addy -> Megabean -> Gasoline -> Energy drink -> Addy -> Battery -> Horse semen -> Chili -> Banana -> Gasoline -> Cuke -> Megabean -> Iodine -> Horse semen -> Motor oil -> Cuke -> Donut -> Mouthwash -> Iodine -> Viagra,"ANTI_GRAVITY, BALDING, BRIGHT_EYED, CALMING, CYCLOPEAN, ELECTRIFYING, ENERGIZING, GINGERITIS, GLOWING, JENNERISING, LONG_FACED, SEDATING, SLIPPERY, SMELLY, SNEAKY, SPICY, THOUGHT_PROVOKING, TOXIC, TROPIC_THUNDER, ZOMBIFYING"
143,277.8999938964844,131.89999389648438,146.0,13.894999694824218,6.594999694824219,Chili -> Mouthwash -> Donut -> Addy -> Horse semen -> Battery -> Iodine -> Banana -> Megabean -> Cuke -> Motor oil -> Megabean -> Iodine -> Horse semen -> Motor oil -> Cuke -> Donut -> Mouthwash -> Iodine -> Viagra,"ANTI_GRAVITY, BALDING, BRIGHT_EYED, CALMING, CYCLOPEAN, ELECTRIFYING, ENERGIZING, GINGERITIS, GLOWING, JENNERISING, LONG_FACED, PARANOIA, SCHIZOPHRENIC, SEDATING, SLIPPERY, SNEAKY, SPICY, THOUGHT_PROVOKING, TOXIC, TROPIC_THUNDER, ZOMBIFYING"
144,277.8999938964844,135.89999389648438,142.0,13.894999694824218,6.794999694824218,Megabean -> Cuke -> Gasoline -> Energy drink -> Chili -> Battery -> Cuke -> Megabean -> Horse semen -> Motor oil -> Banana -> Megabean -> Iodine -> Horse semen -> Motor oil -> Cuke -> Donut -> Mouthwash -> Iodine -> Viagra,"ANTI_GRAVITY, BALDING, BRIGHT_EYED, CALMING, CYCLOPEAN, ELECTRIFYING, ENERGIZING, GINGERITIS, GLOWING, JENNERISING, LONG_FACED, PARANOIA, SEDATING, SLIPPERY, SNEAKY, SPICY, THOUGHT_PROVOKING, TOXIC, TROPIC_THUNDER, ZOMBIFYING"
145,277.8999938964844,132.89999389648438,145.0,13.894999694824218,6.644999694824219,Energy drink -> Cuke -> Chili -> Gasoline -> Banana -> Gasoline -> Battery -> Cuke -> Iodine -> Horse semen -> Donut -> Addy -> Megabean -> Mouthwash -> Horse semen -> Iodine -> Donut -> Iodine -> Mouthwash -> Motor oil,"ANTI_GRAVITY, ATHLETIC, BALDING, BRIGHT_EYED, CYCLOPEAN, ELECTRIFYING, GINGERITIS, GLOWING, JENNERISING, LAXATIVE, LONG_FACED, SCHIZOPHRENIC, SEDATING, SEIZURE_INDUCING, SLIPPERY, SMELLY, SNEAKY, SPICY, THOUGHT_PROVOKING, TROPIC_THUNDER, ZOMBIFYING"
146,277.8999938964844,137.89999389648438,140.0,13.894999694824218,6.894999694824219,Megabean -> Mouthwash -> Donut -> Cuke -> Chili -> Motor oil -> Megabean -> Energy drink -> Battery -> Flu-meds -> Cuke -> Horse semen -> Banana -> Gasoline -> Cuke -> Gasoline -> Horse semen -> Chili -> Iodine -> Motor oil,"ANTI_GRAVITY, ATHLETIC, BALDING, BRIGHT_EYED, CYCLOPEAN, ELECTRIFYING, EXPLOSIVE, GINGERITIS, GLOWING, JENNERISING, LONG_FACED, SCHIZOPHRENIC, SEDATING, SEIZURE_INDUCING, SLIPPERY, SMELLY, SNEAKY, SPICY, THOUGHT_PROVOKING, TROPIC_THUNDER, ZOMBIFYING"
147,277.8999938964844,131.89999389648438,146.0,13.894999694824218,6.594999694824219,Megabean -> Energy drink -> Horse semen -> Flu-meds -> Megabean -> Iodine -> Donut -> Motor oil -> Cuke -> Gasoline -> Battery -> Cuke -> Addy -> Megabean -> Mouthwash -> Chili -> Donut -> Mouthwash -> Iodine -> Motor oil,"ANTI_GRAVITY, ATHLETIC, BALDING, BRIGHT_EYED, CYCLOPEAN, DISORIENTING, ELECTRIFYING, GINGERITIS, GLOWING, JENNERISING, LONG_FACED, SCHIZOPHRENIC, SEDATING, SEIZURE_INDUCING, SLIPPERY, SMELLY, SNEAKY, SPICY, THOUGHT_PROVOKING, TROPIC_THUNDER, ZOMBIFYING"
148,277.8999938964844,136.89999389648438,141.0,13.894999694824218,6.844999694824219,Cuke -> Donut -> Gasoline -> Banana -> Battery -> Cuke -> Gasoline -> Iodine -> Megabean -> Chili -> Motor oil -> Cuke -> Addy -> Horse semen -> Megabean -> Iodine -> Donut -> Iodine -> Mouthwash -> Motor oil,"ANTI_GRAVITY, ATHLETIC, BALDING, BRIGHT_EYED, CYCLOPEAN, DISORIENTING, ELECTRIFYING, GINGERITIS, GLOWING, JENNERISING, LAXATIVE, LONG_FACED, SEDATING, SEIZURE_INDUCING, SLIPPERY, SMELLY, SNEAKY, SPICY, THOUGHT_PROVOKING, TROPIC_THUNDER, ZOMBIFYING"
149,277.8999938964844,139.89999389648438,138.0,13.894999694824218,6.994999694824219,Megabean -> Chili -> Motor oil -> Banana -> Cuke -> Gasoline -> Battery -> Cuke -> Iodine -> Addy -> Horse semen -> Donut -> Megabean -> Mouthwash -> Motor oil -> Viagra -> Cuke -> Donut -> Motor oil -> Iodine,"ANTI_GRAVITY, ATHLETIC, BALDING, BRIGHT_EYED, CYCLOPEAN, ELECTRIFYING, EXPLOSIVE, GINGERITIS, GLOWING, JENNERISING, LAXATIVE, LONG_FACED, SCHIZOPHRENIC, SEDATING, SLIPPERY, SMELLY, SNEAKY, SPICY, THOUGHT_PROVOKING, TROPIC_THUNDER, ZOMBIFYING"
150,277.8999938964844,126.89999389648438,151.0,13.894999694824218,6.344999694824219,Addy -> Horse semen -> Iodine -> Banana -> Gasoline -> Cuke -> Megabean -> Flu-meds -> Energy drink -> Battery -> Chili -> Motor oil -> Megabean -> Cuke -> Iodine -> Horse semen -> Donut -> Mouthwash -> Motor oil -> Iodine,"ANTI_GRAVITY, ATHLETIC, BALDING, BRIGHT_EYED, CYCLOPEAN, DISORIENTING, ELECTRIFYING, GINGERITIS, GLOWING, JENNERISING, LAXATIVE, LONG_FACED, SCHIZOPHRENIC, SEDATING, SLIPPERY, SMELLY, SNEAKY, SPICY, THOUGHT_PROVOKING, TROPIC_THUNDER, ZOMBIFYING"
151,277.8999938964844,131.89999389648438,146.0,13.894999694824218,6.594999694824219,Horse semen -> Chili -> Gasoline -> Banana -> Megabean -> Gasoline -> Cuke -> Energy drink -> Battery -> Flu-meds -> Megabean -> Iodine -> Mouthwash -> Horse semen -> Motor oil -> Cuke -> Chili -> Donut -> Motor oil -> Iodine,"ANTI_GRAVITY, ATHLETIC, BALDING, BRIGHT_EYED, CYCLOPEAN, DISORIENTING, ELECTRIFYING, EXPLOSIVE, GINGERITIS, GLOWING, JENNERISING, LONG_FACED, SCHIZOPHRENIC, SEDATING, SLIPPERY, SMELLY, SNEAKY, SPICY, THOUGHT_PROVOKING, TROPIC_THUNDER, ZOMBIFYING"
152,277.8999938964844,134.89999389648438,143.0,13.894999694824218,6.744999694824219,Horse semen -> Chili -> Gasoline -> Banana -> Megabean -> Gasoline -> Cuke -> Energy drink -> Battery -> Megabean -> Iodine -> Horse semen -> Chili -> Motor oil -> Viagra -> Cuke -> Donut -> Mouthwash -> Iodine -> Viagra,"ANTI_GRAVITY, BALDING, BRIGHT_EYED, CALMING, CYCLOPEAN, ELECTRIFYING, ENERGIZING, GINGERITIS, GLOWING, JENNERISING, LONG_FACED, PARANOIA, SEDATING, SLIPPERY, SMELLY, SNEAKY, SPICY, THOUGHT_PROVOKING, TROPIC_THUNDER, ZOMBIFYING"
153,277.8999938964844,130.89999389648438,147.0,13.894999694824218,6.544999694824218,Addy -> Megabean -> Mouthwash -> Gasoline -> Energy drink -> Horse semen -> Battery -> Chili -> Banana -> Viagra -> Cuke -> Gasoline -> Motor oil -> Cuke -> Megabean -> Iodine -> Horse semen -> Donut -> Motor oil -> Iodine,"ANTI_GRAVITY, ATHLETIC, BALDING, BRIGHT_EYED, CYCLOPEAN, DISORIENTING, ELECTRIFYING, EXPLOSIVE, GINGERITIS, GLOWING, JENNERISING, LAXATIVE, LONG_FACED, SEDATING, SLIPPERY, SMELLY, SNEAKY, SPICY, THOUGHT_PROVOKING, TROPIC_THUNDER, ZOMBIFYING"
154,277.8999938964844,131.89999389648438,146.0,13.894999694824218,6.594999694824219,Chili -> Energy drink -> Iodine -> Flu-meds -> Gasoline -> Cuke -> Chili -> Donut -> Gasoline -> Battery -> Cuke -> Addy -> Megabean -> Mouthwash -> Horse semen -> Iodine -> Donut -> Iodine -> Mouthwash -> Motor oil,"ANTI_GRAVITY, ATHLETIC, BALDING, BRIGHT_EYED, CYCLOPEAN, DISORIENTING, ELECTRIFYING, GINGERITIS, GLOWING, JENNERISING, LAXATIVE, LONG_FACED, SCHIZOPHRENIC, SEDATING, SEIZURE_INDUCING, SLIPPERY, SNEAKY, SPICY, THOUGHT_PROVOKING, TROPIC_THUNDER, ZOMBIFYING"
155,277.8999938964844,139.89999389648438,138.0,13.894999694824218,6.994999694824219,Megabean -> Mouthwash -> Donut -> Cuke -> Gasoline -> Energy drink -> Chili -> Battery -> Cuke -> Addy -> Horse semen -> Megabean -> Iodine -> Motor oil -> Viagra -> Cuke -> Donut -> Mouthwash -> Iodine -> Viagra,"ANTI_GRAVITY, BALDING, BRIGHT_EYED, CALMING, CYCLOPEAN, ELECTRIFYING, ENERGIZING, GINGERITIS, GLOWING, JENNERISING, LONG_FACED, PARANOIA, SEDATING, SEIZURE_INDUCING, SLIPPERY, SNEAKY, SPICY, THOUGHT_PROVOKING, TROPIC_THUNDER, ZOMBIFYING"
156,277.8999938964844,142.89999389648438,135.0,13.894999694824218,7.144999694824219,Cuke -> Addy -> Megabean -> Flu-meds -> Chili -> Banana -> Gasoline -> Battery -> Cuke -> Donut -> Energy drink -> Mouthwash -> Donut -> Paracetamol -> Horse semen -> Banana -> Megabean -> Chili -> Iodine -> Motor oil,"ANTI_GRAVITY, ATHLETIC, BALDING, BRIGHT_EYED, CYCLOPEAN, DISORIENTING, ELECTRIFYING, EXPLOSIVE, GINGERITIS, GLOWING, JENNERISING, LONG_FACED, SEDATING, SEIZURE_INDUCING, SLIPPERY, SNEAKY, SPICY, THOUGHT_PROVOKING, TROPIC_THUNDER, ZOMBIFYING"
157,277.8999938964844,134.89999389648438,143.0,13.894999694824218,6.744999694824219,Megabean -> Energy drink -> Flu-meds -> Chili -> Megabean -> Battery -> Cuke -> Mouthwash -> Donut -> Addy -> Horse semen -> Megabean -> Iodine -> Motor oil -> Viagra -> Cuke -> Donut -> Mouthwash -> Iodine -> Viagra,"ANTI_GRAVITY, BALDING, BRIGHT_EYED, CALMING, CYCLOPEAN, ELECTRIFYING, ENERGIZING, GINGERITIS, GLOWING, JENNERISING, LONG_FACED, SEDATING, SEIZURE_INDUCING, SLIPPERY, SNEAKY, SPICY, THOUGHT_PROVOKING, TROPIC_THUNDER, ZOMBIFYING"
158,277.8999938964844,138.89999389648438,139.0,13.894999694824218,6.944999694824219,Cuke -> Gasoline -> Iodine -> Cuke -> Gasoline -> Battery -> Cuke -> Chili -> Donut -> Mouthwash -> Gasoline -> Addy -> Motor oil -> Cuke -> Megabean -> Iodine -> Horse semen -> Donut -> Motor oil -> Iodine,"ANTI_GRAVITY, ATHLETIC, BALDING, BRIGHT_EYED, CYCLOPEAN, DISORIENTING, ELECTRIFYING, EXPLOSIVE, GINGERITIS, GLOWING, JENNERISING, LAXATIVE, LONG_FACED, SCHIZOPHRENIC, SEDATING, SLIPPERY, SNEAKY, SPICY, THOUGHT_PROVOKING, TROPIC_THUNDER, ZOMBIFYING"
159,277.8999938964844,131.89999389648438,146.0,13.894999694824218,6.594999694824219,Addy -> Megabean -> Donut -> Gasoline -> Battery -> Energy drink -> Iodine -> Horse semen -> Addy -> Megabean -> Donut -> Horse semen -> Banana -> Chili -> Cuke -> Mouthwash -> Motor oil -> Viagra -> Cuke -> Motor oil,"ANTI_GRAVITY, ATHLETIC, BALDING, BRIGHT_EYED, CALMING, CYCLOPEAN, ELECTRIFYING, GINGERITIS, GLOWING, JENNERISING, LONG_FACED, REFRESHING, SCHIZOPHRENIC, SEDATING, SEIZURE_INDUCING, SLIPPERY, SPICY, THOUGHT_PROVOKING, TROPIC_THUNDER, ZOMBIFYING"
160,277.8999938964844,135.89999389648438,142.0,14.62631546823602,7.152631257709704,Donut -> Addy -> Horse semen -> Megabean -> Battery -> Iodine -> Chili -> Motor oil -> Banana -> Megabean -> Cuke -> Iodine -> Horse semen -> Motor oil -> Cuke -> Donut -> Mouthwash -> Iodine -> Viagra,"ANTI_GRAVITY, BALDING, BRIGHT_EYED, CALMING, CYCLOPEAN, ELECTRIFYING, ENERGIZING, GINGERITIS, GLOWING, JENNERISING, LONG_FACED, SCHIZOPHRENIC, SEDATING, SLIPPERY, SNEAKY, SPICY, THOUGHT_PROVOKING, TOXIC, TROPIC_THUNDER, ZOMBIFYING"
161,277.8999938964844,139.89999389648438,138.0,14.62631546823602,7.363157573499177,Megabean -> Cuke -> Gasoline -> Energy drink -> Addy -> Horse semen -> Chili -> Battery -> Banana -> Cuke -> Megabean -> Iodine -> Horse semen -> Motor oil -> Cuke -> Donut -> Mouthwash -> Iodine -> Viagra,"ANTI_GRAVITY, BALDING, BRIGHT_EYED, CALMING, CYCLOPEAN, ELECTRIFYING, ENERGIZING, GINGERITIS, GLOWING, JENNERISING, LONG_FACED, SEDATING, SLIPPERY, SNEAKY, SPICY, THOUGHT_PROVOKING, TOXIC, TROPIC_THUNDER, ZOMBIFYING"
162,277.8999938964844,142.89999389648438,135.0,14.62631546823602,7.5210523103412825,Megabean -> Horse semen -> Iodine -> Donut -> Mouthwash -> Donut -> Motor oil -> Cuke -> Gasoline -> Battery -> Cuke -> Addy -> Megabean -> Mouthwash -> Chili -> Donut -> Mouthwash -> Iodine -> Motor oil,"ANTI_GRAVITY, ATHLETIC, BALDING, BRIGHT_EYED, CYCLOPEAN, ELECTRIFYING, GINGERITIS, GLOWING, JENNERISING, LONG_FACED, SCHIZOPHRENIC, SEDATING, SEIZURE_INDUCING, SLIPPERY, SMELLY, SNEAKY, SPICY, THOUGHT_PROVOKING, TROPIC_THUNDER, ZOMBIFYING"
163,277.8999938964844,149.89999389648438,128.0,14.62631546823602,7.889473362972862,Cuke -> Donut -> Paracetamol -> Flu-meds -> Cuke -> Chili -> Gasoline -> Banana -> Gasoline -> Battery -> Cuke -> Addy -> Horse semen -> Megabean -> Iodine -> Donut -> Iodine -> Mouthwash -> Motor oil,"ANTI_GRAVITY, ATHLETIC, BALDING, BRIGHT_EYED, CYCLOPEAN, ELECTRIFYING, GINGERITIS, GLOWING, JENNERISING, LAXATIVE, LONG_FACED, SEDATING, SEIZURE_INDUCING, SLIPPERY, SMELLY, SNEAKY, SPICY, THOUGHT_PROVOKING, TROPIC_THUNDER, ZOMBIFYING"
164,277.8999938964844,141.89999389648438,136.0,14.62631546823602,7.468420731393914,Megabean -> Chili -> Energy drink -> Donut -> Megabean -> Battery -> Flu-meds -> Cuke -> Horse semen -> Banana -> Paracetamol -> Cuke -> Gasoline -> Paracetamol -> Horse semen -> Megabean -> Chili -> Iodine -> Motor oil,"ANTI_GRAVITY, ATHLETIC, BALDING, BRIGHT_EYED, CYCLOPEAN, ELECTRIFYING, EXPLOSIVE, GINGERITIS, GLOWING, JENNERISING, LONG_FACED, SEDATING, SEIZURE_INDUCING, SLIPPERY, SMELLY, SNEAKY, SPICY, THOUGHT_PROVOKING, TROPIC_THUNDER, ZOMBIFYING"
165,277.8999938964844,135.89999389648438,142.0,14.62631546823602,7.152631257709704,Gasoline -> Banana -> Megabean -> Addy -> Gasoline -> Paracetamol -> Horse semen -> Donut -> Mouthwash -> Battery -> Addy -> Megabean -> Energy drink -> Megabean -> Chili -> Donut -> Mouthwash -> Iodine -> Motor oil,"ANTI_GRAVITY, ATHLETIC, BALDING, BRIGHT_EYED, CYCLOPEAN, DISORIENTING, ELECTRIFYING, GINGERITIS, GLOWING, JENNERISING, LONG_FACED, SEDATING, SEIZURE_INDUCING, SLIPPERY, SMELLY, SNEAKY, SPICY, THOUGHT_PROVOKING, TROPIC_THUNDER, ZOMBIFYING"
166,277.8999938964844,131.89999389648438,146.0,14.62631546823602,6.94210494192023,Donut -> Addy -> Horse semen -> Motor oil -> Chili -> Megabean -> Energy drink -> Battery -> Chili -> Banana -> Megabean -> Cuke -> Motor oil -> Gasoline -> Iodine -> Horse semen -> Donut -> Mouthwash -> Iodine,"ANTI_GRAVITY, ATHLETIC, BALDING, BRIGHT_EYED, CYCLOPEAN, ELECTRIFYING, GINGERITIS, GLOWING, JENNERISING, LONG_FACED, PARANOIA, SCHIZOPHRENIC, SEDATING, SLIPPERY, SMELLY, SNEAKY, SPICY, THOUGHT_PROVOKING, TROPIC_THUNDER, ZOMBIFYING"
167,277.8999938964844,143.89999389648438,134.0,14.62631546823602,7.5736838892886515,Chili -> Mouthwash -> Banana -> Gasoline -> Cuke -> Energy drink -> Megabean -> Horse semen -> Battery -> Chili -> Banana -> Gasoline -> Cuke -> Iodine -> Horse semen -> Donut -> Mouthwash -> Motor oil -> Iodine,"ANTI_GRAVITY, ATHLETIC, BALDING, BRIGHT_EYED, CYCLOPEAN, ELECTRIFYING, GINGERITIS, GLOWING, JENNERISING, LAXATIVE, LONG_FACED, SCHIZOPHRENIC, SEDATING, SLIPPERY, SMELLY, SNEAKY, SPICY, THOUGHT_PROVOKING, TROPIC_THUNDER, ZOMBIFYING"
168,277.8999938964844,141.89999389648438,136.0,14.62631546823602,7.468420731393914,Donut -> Gasoline -> Banana -> Megabean -> Gasoline -> Cuke -> Addy -> Battery -> Flu-meds -> Megabean -> Mouthwash -> Iodine -> Horse semen -> Motor oil -> Cuke -> Chili -> Donut -> Motor oil -> Iodine,"ANTI_GRAVITY, ATHLETIC, BALDING, BRIGHT_EYED, CYCLOPEAN, ELECTRIFYING, EXPLOSIVE, GINGERITIS, GLOWING, JENNERISING, LONG_FACED, SCHIZOPHRENIC, SEDATING, SLIPPERY, SMELLY, SNEAKY, SPICY, THOUGHT_PROVOKING, TROPIC_THUNDER, ZOMBIFYING"
169,277.8999938964844,142.89999389648438,135.0,14.62631546823602,7.5210523103412825,Horse semen -> Chili -> Gasoline -> Banana -> Cuke -> Flu-meds -> Gasoline -> Battery -> Cuke -> Addy -> Megabean -> Iodine -> Horse semen -> Motor oil -> Cuke -> Donut -> Mouthwash -> Iodine -> Viagra,"ANTI_GRAVITY, BALDING, BRIGHT_EYED, CALMING, CYCLOPEAN, ELECTRIFYING, ENERGIZING, GINGERITIS, GLOWING, JENNERISING, LONG_FACED, SCHIZOPHRENIC, SEDATING, SLIPPERY, SMELLY, SNEAKY, SPICY, THOUGHT_PROVOKING, TROPIC_THUNDER, ZOMBIFYING"
170,277.8999938964844,136.89999389648438,141.0,14.62631546823602,7.205262836657073,Addy -> Horse semen -> Mouthwash -> Banana -> Gasoline -> Cuke -> Megabean -> Flu-meds -> Energy drink -> Megabean -> Battery -> Cuke -> Iodine -> Horse semen -> Chili -> Donut -> Mouthwash -> Motor oil -> Iodine,"ANTI_GRAVITY, ATHLETIC, BALDING, BRIGHT_EYED, CYCLOPEAN, DISORIENTING, ELECTRIFYING, GINGERITIS, GLOWING, JENNERISING, LONG_FACED, SCHIZOPHRENIC, SEDATING, SLIPPERY, SMELLY, SNEAKY, SPICY, THOUGHT_PROVOKING, TROPIC_THUNDER, ZOMBIFYING"
171,277.8999938964844,139.89999389648438,138.0,14.62631546823602,7.363157573499177,Cuke -> Addy -> Gasoline -> Horse semen -> Banana -> Megabean -> Energy drink -> Battery -> Cuke -> Megabean -> Paracetamol -> Gasoline -> Iodine -> Mouthwash -> Horse semen -> Chili -> Donut -> Mouthwash -> Iodine,"ANTI_GRAVITY, ATHLETIC, BALDING, BRIGHT_EYED, CYCLOPEAN, ELECTRIFYING, GINGERITIS, GLOWING, JENNERISING, LONG_FACED, PARANOIA, SEDATING, SLIPPERY, SMELLY, SNEAKY, SPICY, THOUGHT_PROVOKING, TROPIC_THUNDER, ZOMBIFYING"
172,277.8999938964844,137.89999389648438,140.0,14.62631546823602,7.257894415604441,Megabean -> Chili -> Energy drink -> Mouthwash -> Horse semen -> Battery -> Chili -> Viagra -> Banana -> Cuke -> Gasoline -> Motor oil -> Cuke -> Megabean -> Iodine -> Horse semen -> Donut -> Motor oil -> Iodine,"ANTI_GRAVITY, ATHLETIC, BALDING, BRIGHT_EYED, CYCLOPEAN, ELECTRIFYING, EXPLOSIVE, GINGERITIS, GLOWING, JENNERISING, LAXATIVE, LONG_FACED, SEDATING, SLIPPERY, SMELLY, SNEAKY, SPICY, THOUGHT_PROVOKING, TROPIC_THUNDER, ZOMBIFYING"
173,277.8999938964844,141.89999389648438,136.0,14.62631546823602,7.468420731393914,Cuke -> Addy -> Gasoline -> Horse semen -> Banana -> Cuke -> Gasoline -> Energy drink -> Battery -> Chili -> Cuke -> Megabean -> Iodine -> Horse semen -> Mouthwash -> Donut -> Mouthwash -> Motor oil -> Iodine,"ANTI_GRAVITY, ATHLETIC, BALDING, BRIGHT_EYED, CYCLOPEAN, DISORIENTING, ELECTRIFYING, GINGERITIS, GLOWING, JENNERISING, LAXATIVE, LONG_FACED, SEDATING, SLIPPERY, SMELLY, SNEAKY, SPICY, THOUGHT_PROVOKING, TROPIC_THUNDER, ZOMBIFYING"
174,277.8999938964844,136.89999389648438,141.0,14.62631546823602,7.205262836657073,Donut -> Horse semen -> Chili -> Gasoline -> Banana -> Megabean -> Flu-meds -> Gasoline -> Cuke -> Energy drink -> Mouthwash -> Battery -> Megabean -> Iodine -> Horse semen -> Chili -> Donut -> Motor oil -> Iodine,"ANTI_GRAVITY, ATHLETIC, BALDING, BRIGHT_EYED, CYCLOPEAN, DISORIENTING, ELECTRIFYING, EXPLOSIVE, GINGERITIS, GLOWING, JENNERISING, LONG_FACED, SEDATING, SLIPPERY, SMELLY, SNEAKY, SPICY, THOUGHT_PROVOKING, TROPIC_THUNDER, ZOMBIFYING"
175,277.8999938964844,150.89999389648438,127.0,14.62631546823602,7.94210494192023,Gasoline -> Cuke -> Chili -> Gasoline -> Banana -> Cuke -> Battery -> Gasoline -> Battery -> Cuke -> Megabean -> Iodine -> Horse semen -> Motor oil -> Cuke -> Donut -> Mouthwash -> Iodine -> Viagra,"ANTI_GRAVITY, BALDING, BRIGHT_EYED, CALMING, CYCLOPEAN, ELECTRIFYING, ENERGIZING, GINGERITIS, GLOWING, JENNERISING, LONG_FACED, SEDATING, SLIPPERY, SMELLY, SNEAKY, SPICY, THOUGHT_PROVOKING, TROPIC_THUNDER, ZOMBIFYING"
176,277.8999938964844,134.89999389648438,143.0,14.62631546823602,7.099999678762336,Megabean -> Chili -> Energy drink -> Battery -> Viagra -> Megabean -> Chili -> Energy drink -> Addy -> Horse semen -> Megabean -> Banana -> Chili -> Mouthwash -> Cuke -> Donut -> Mouthwash -> Motor oil -> Iodine,"ANTI_GRAVITY, ATHLETIC, BALDING, BRIGHT_EYED, CYCLOPEAN, ELECTRIFYING, GINGERITIS, GLOWING, JENNERISING, LAXATIVE, LONG_FACED, SCHIZOPHRENIC, SEDATING, SEIZURE_INDUCING, SLIPPERY, SNEAKY, SPICY, THOUGHT_PROVOKING, TROPIC_THUNDER, ZOMBIFYING"
177,277.8999938964844,145.89999389648438,132.0,14.62631546823602,7.678947047183388,Megabean -> Gasoline -> Cuke -> Donut -> Addy -> Donut -> Battery -> Gasoline -> Motor oil -> Cuke -> Motor oil -> Gasoline -> Viagra -> Cuke -> Gasoline -> Horse semen -> Chili -> Iodine -> Motor oil,"ANTI_GRAVITY, ATHLETIC, BALDING, BRIGHT_EYED, CYCLOPEAN, ELECTRIFYING, EXPLOSIVE, GINGERITIS, GLOWING, JENNERISING, LONG_FACED, SCHIZOPHRENIC, SEDATING, SEIZURE_INDUCING, SLIPPERY, SNEAKY, SPICY, THOUGHT_PROVOKING, TROPIC_THUNDER, ZOMBIFYING"
178,277.8999938964844,141.89999389648438,136.0,14.62631546823602,7.468420731393914,Banana -> Gasoline -> Megabean -> Cuke -> Donut -> Horse semen -> Addy -> Donut -> Battery -> Horse semen -> Chili -> Banana -> Cuke -> Energy drink -> Megabean -> Chili -> Mouthwash -> Iodine -> Motor oil,"ANTI_GRAVITY, ATHLETIC, BALDING, BRIGHT_EYED, CYCLOPEAN, DISORIENTING, ELECTRIFYING, GINGERITIS, GLOWING, JENNERISING, LONG_FACED, SCHIZOPHRENIC, SEDATING, SEIZURE_INDUCING, SLIPPERY, SNEAKY, SPICY, THOUGHT_PROVOKING, TROPIC_THUNDER, ZOMBIFYING"
179,277.8999938964844,140.89999389648438,137.0,14.62631546823602,7.415789152446546,Megabean -> Mouthwash -> Donut -> Cuke -> Flu-meds -> Gasoline -> Energy drink -> Battery -> Chili -> Cuke -> Addy -> Mouthwash -> Horse semen -> Megabean -> Iodine -> Donut -> Iodine -> Mouthwash -> Motor oil,"ANTI_GRAVITY, ATHLETIC, BALDING, BRIGHT_EYED, CYCLOPEAN, DISORIENTING, ELECTRIFYING, GINGERITIS, GLOWING, JENNERISING, LAXATIVE, LONG_FACED, SEDATING, SEIZURE_INDUCING, SLIPPERY, SNEAKY, SPICY, THOUGHT_PROVOKING, TROPIC_THUNDER, ZOMBIFYING"
180,277.8999938964844,148.89999389648438,129.0,14.62631546823602,7.836841784025493,Megabean -> Chili -> Energy drink -> Donut -> Megabean -> Battery -> Flu-meds -> Cuke -> Banana -> Paracetamol -> Cuke -> Gasoline -> Paracetamol -> Banana -> Horse semen -> Chili -> Megabean -> Iodine -> Motor oil,"ANTI_GRAVITY, ATHLETIC, BALDING, BRIGHT_EYED, CYCLOPEAN, ELECTRIFYING, EXPLOSIVE, GINGERITIS, GLOWING, JENNERISING, LONG_FACED, SEDATING, SEIZURE_INDUCING, SLIPPERY, SNEAKY, SPICY, THOUGHT_PROVOKING, TROPIC_THUNDER, ZOMBIFYING"
181,277.8999938964844,139.89999389648438,138.0,14.62631546823602,7.363157573499177,Cuke -> Chili -> Gasoline -> Battery -> Cuke -> Horse semen -> Addy -> Megabean -> Motor oil -> Banana -> Megabean -> Iodine -> Horse semen -> Motor oil -> Cuke -> Donut -> Mouthwash -> Iodine -> Viagra,"ANTI_GRAVITY, BALDING, BRIGHT_EYED, CALMING, CYCLOPEAN, ELECTRIFYING, ENERGIZING, GINGERITIS, GLOWING, JENNERISING, LONG_FACED, PARANOIA, SCHIZOPHRENIC, SEDATING, SLIPPERY, SNEAKY, SPICY, THOUGHT_PROVOKING, TROPIC_THUNDER, ZOMBIFYING"
182,277.8999938964844,136.89999389648438,141.0,14.62631546823602,7.205262836657073,Donut -> Megabean -> Horse semen -> Iodine -> Motor oil -> Addy -> Battery -> Horse semen -> Chili -> Cuke -> Donut -> Megabean -> Mouthwash -> Motor oil -> Viagra -> Cuke -> Donut -> Motor oil -> Iodine,"ANTI_GRAVITY, ATHLETIC, BALDING, BRIGHT_EYED, CYCLOPEAN, ELECTRIFYING, EXPLOSIVE, GINGERITIS, GLOWING, JENNERISING, LAXATIVE, LONG_FACED, SCHIZOPHRENIC, SEDATING, SLIPPERY, SNEAKY, SPICY, THOUGHT_PROVOKING, TROPIC_THUNDER, ZOMBIFYING"
183,277.8999938964844,141.89999389648438,136.0,14.62631546823602,7.468420731393914,Donut -> Iodine -> Gasoline -> Cuke -> Addy -> Donut -> Battery -> Horse semen -> Megabean -> Energy drink -> Banana -> Chili -> Viagra -> Megabean -> Motor oil -> Cuke -> Motor oil -> Mouthwash -> Iodine,"ANTI_GRAVITY, ATHLETIC, BALDING, BRIGHT_EYED, CYCLOPEAN, DISORIENTING, ELECTRIFYING, GINGERITIS, GLOWING, JENNERISING, LAXATIVE, LONG_FACED, SCHIZOPHRENIC, SEDATING, SLIPPERY, SNEAKY, SPICY, THOUGHT_PROVOKING, TROPIC_THUNDER, ZOMBIFYING"
184,277.8999938964844,136.89999389648438,141.0,14.62631546823602,7.205262836657073,Horse semen -> Gasoline -> Banana -> Megabean -> Energy drink -> Megabean -> Cuke -> Flu-meds -> Battery -> Megabean -> Iodine -> Mouthwash -> Horse semen -> Motor oil -> Cuke -> Chili -> Donut -> Motor oil -> Iodine,"ANTI_GRAVITY, ATHLETIC, BALDING, BRIGHT_EYED, CYCLOPEAN, DISORIENTING, ELECTRIFYING, EXPLOSIVE, GINGERITIS, GLOWING, JENNERISING, LONG_FACED, SCHIZOPHRENIC, SEDATING, SLIPPERY, SNEAKY, SPICY, THOUGHT_PROVOKING, TROPIC_THUNDER, ZOMBIFYING"
185,277.8999938964844,138.89999389648438,139.0,14.62631546823602,7.310525994551809,Donut -> Megabean -> Flu-meds -> Chili -> Energy drink -> Chili -> Banana -> Battery -> Viagra -> Megabean -> Motor oil -> Cuke -> Megabean -> Mouthwash -> Iodine -> Horse semen -> Donut -> Motor oil -> Iodine,"ANTI_GRAVITY, ATHLETIC, BALDING, BRIGHT_EYED, CYCLOPEAN, DISORIENTING, ELECTRIFYING, EXPLOSIVE, GINGERITIS, GLOWING, JENNERISING, LAXATIVE, LONG_FACED, SEDATING, SLIPPERY, SNEAKY, SPICY, THOUGHT_PROVOKING, TROPIC_THUNDER, ZOMBIFYING"
186,277.8999938964844,136.89999389648438,141.0,14.62631546823602,7.205262836657073,Donut -> Iodine -> Addy -> Horse semen -> Megabean -> Battery -> Energy drink -> Addy -> Donut -> Megabean -> Horse semen -> Banana -> Chili -> Cuke -> Mouthwash -> Motor oil -> Viagra -> Cuke -> Motor oil,"ANTI_GRAVITY, ATHLETIC, BALDING, BRIGHT_EYED, CALMING, CYCLOPEAN, ELECTRIFYING, GINGERITIS, GLOWING, JENNERISING, LONG_FACED, REFRESHING, SCHIZOPHRENIC, SEDATING, SLIPPERY, SPICY, THOUGHT_PROVOKING, TROPIC_THUNDER, ZOMBIFYING"
187,277.8999938964844,137.89999389648438,140.0,15.438888549804688,7.66111077202691,Banana -> Iodine -> Megabean -> Gasoline -> Cuke -> Chili -> Addy -> Energy drink -> Battery -> Horse semen -> Mouthwash -> Megabean -> Iodine -> Chili -> Donut -> Iodine -> Mouthwash -> Motor oil,"ANTI_GRAVITY, ATHLETIC, BALDING, BRIGHT_EYED, CYCLOPEAN, ELECTRIFYING, GINGERITIS, GLOWING, JENNERISING, LONG_FACED, SEDATING, SEIZURE_INDUCING, SLIPPERY, SMELLY, SNEAKY, SPICY, THOUGHT_PROVOKING, TROPIC_THUNDER, ZOMBIFYING"
188,277.8999938964844,145.89999389648438,132.0,15.438888549804688,8.105555216471354,Horse semen -> Mouthwash -> Banana -> Gasoline -> Cuke -> Megabean -> Flu-meds -> Energy drink -> Megabean -> Battery -> Cuke -> Iodine -> Horse semen -> Chili -> Donut -> Mouthwash -> Motor oil -> Iodine,"ANTI_GRAVITY, ATHLETIC, BALDING, BRIGHT_EYED, CYCLOPEAN, ELECTRIFYING, GINGERITIS, GLOWING, JENNERISING, LONG_FACED, SCHIZOPHRENIC, SEDATING, SLIPPERY, SMELLY, SNEAKY, SPICY, THOUGHT_PROVOKING, TROPIC_THUNDER, ZOMBIFYING"
189,277.8999938964844,150.89999389648438,127.0,15.438888549804688,8.383332994249132,Cuke -> Horse semen -> Gasoline -> Banana -> Cuke -> Gasoline -> Energy drink -> Battery -> Chili -> Cuke -> Megabean -> Iodine -> Horse semen -> Mouthwash -> Donut -> Mouthwash -> Motor oil -> Iodine,"ANTI_GRAVITY, ATHLETIC, BALDING, BRIGHT_EYED, CYCLOPEAN, ELECTRIFYING, GINGERITIS, GLOWING, JENNERISING, LAXATIVE, LONG_FACED, SEDATING, SLIPPERY, SMELLY, SNEAKY, SPICY, THOUGHT_PROVOKING, TROPIC_THUNDER, ZOMBIFYING"
190,277.8999938964844,144.89999389648438,133.0,15.438888549804688,8.049999660915798,Horse semen -> Mouthwash -> Banana -> Gasoline -> Cuke -> Megabean -> Flu-meds -> Energy drink -> Battery -> Flu-meds -> Cuke -> Megabean -> Iodine -> Horse semen -> Chili -> Donut -> Motor oil -> Iodine,"ANTI_GRAVITY, ATHLETIC, BALDING, BRIGHT_EYED, CYCLOPEAN, ELECTRIFYING, EXPLOSIVE, GINGERITIS, GLOWING, JENNERISING, LONG_FACED, SEDATING, SLIPPERY, SMELLY, SNEAKY, SPICY, THOUGHT_PROVOKING, TROPIC_THUNDER, ZOMBIFYING"
191,277.8999938964844,140.89999389648438,137.0,15.438888549804688,7.827777438693577,Horse semen -> Chili -> Gasoline -> Banana -> Megabean -> Gasoline -> Cuke -> Energy drink -> Battery -> Megabean -> Iodine -> Horse semen -> Mouthwash -> Chili -> Donut -> Mouthwash -> Motor oil -> Iodine,"ANTI_GRAVITY, ATHLETIC, BALDING, BRIGHT_EYED, CYCLOPEAN, DISORIENTING, ELECTRIFYING, GINGERITIS, GLOWING, JENNERISING, LONG_FACED, SEDATING, SLIPPERY, SMELLY, SNEAKY, SPICY, THOUGHT_PROVOKING, TROPIC_THUNDER, ZOMBIFYING"
192,277.8999938964844,142.89999389648438,135.0,15.438888549804688,7.9388885498046875,Megabean -> Flu-meds -> Energy drink -> Donut -> Horse semen -> Motor oil -> Addy -> Battery -> Horse semen -> Megabean -> Banana -> Mouthwash -> Cuke -> Chili -> Donut -> Mouthwash -> Motor oil -> Iodine,"ANTI_GRAVITY, ATHLETIC, BALDING, BRIGHT_EYED, CYCLOPEAN, ELECTRIFYING, GINGERITIS, GLOWING, JENNERISING, LONG_FACED, SCHIZOPHRENIC, SEDATING, SEIZURE_INDUCING, SLIPPERY, SNEAKY, SPICY, THOUGHT_PROVOKING, TROPIC_THUNDER, ZOMBIFYING"
193,277.8999938964844,150.89999389648438,127.0,15.438888549804688,8.383332994249132,Paracetamol -> Flu-meds -> Viagra -> Cuke -> Chili -> Gasoline -> Battery -> Cuke -> Donut -> Addy -> Mouthwash -> Horse semen -> Megabean -> Iodine -> Donut -> Iodine -> Mouthwash -> Motor oil,"ANTI_GRAVITY, ATHLETIC, BALDING, BRIGHT_EYED, CYCLOPEAN, ELECTRIFYING, GINGERITIS, GLOWING, JENNERISING, LAXATIVE, LONG_FACED, SEDATING, SEIZURE_INDUCING, SLIPPERY, SNEAKY, SPICY, THOUGHT_PROVOKING, TROPIC_THUNDER, ZOMBIFYING"
194,277.8999938964844,145.89999389648438,132.0,15.438888549804688,8.105555216471354,Donut -> Gasoline -> Banana -> Gasoline -> Cuke -> Horse semen -> Addy -> Donut -> Battery -> Horse semen -> Megabean -> Banana -> Energy drink -> Megabean -> Chili -> Mouthwash -> Iodine -> Motor oil,"ANTI_GRAVITY, ATHLETIC, BALDING, BRIGHT_EYED, CYCLOPEAN, DISORIENTING, ELECTRIFYING, GINGERITIS, GLOWING, JENNERISING, LONG_FACED, SEDATING, SEIZURE_INDUCING, SLIPPERY, SNEAKY, SPICY, THOUGHT_PROVOKING, TROPIC_THUNDER, ZOMBIFYING"
195,277.8999938964844,134.89999389648438,143.0,15.438888549804688,7.494444105360243,Donut -> Megabean -> Iodine -> Motor oil -> Addy -> Megabean -> Energy drink -> Megabean -> Battery -> Chili -> Cuke -> Motor oil -> Gasoline -> Iodine -> Horse semen -> Donut -> Mouthwash -> Iodine,"ANTI_GRAVITY, ATHLETIC, BALDING, BRIGHT_EYED, CYCLOPEAN, ELECTRIFYING, GINGERITIS, GLOWING, JENNERISING, LONG_FACED, PARANOIA, SCHIZOPHRENIC, SEDATING, SLIPPERY, SNEAKY, SPICY, THOUGHT_PROVOKING, TROPIC_THUNDER, ZOMBIFYING"
196,277.8999938964844,138.89999389648438,139.0,15.438888549804688,7.716666327582465,Horse semen -> Chili -> Mouthwash -> Gasoline -> Iodine -> Flu-meds -> Energy drink -> Addy -> Megabean -> Banana -> Battery -> Horse semen -> Chili -> Cuke -> Donut -> Mouthwash -> Motor oil -> Iodine,"ANTI_GRAVITY, ATHLETIC, BALDING, BRIGHT_EYED, CYCLOPEAN, ELECTRIFYING, GINGERITIS, GLOWING, JENNERISING, LAXATIVE, LONG_FACED, SCHIZOPHRENIC, SEDATING, SLIPPERY, SNEAKY, SPICY, THOUGHT_PROVOKING, TROPIC_THUNDER, ZOMBIFYING"
197,277.8999938964844,152.89999389648438,125.0,15.438888549804688,8.494444105360243,Donut -> Addy -> Battery -> Horse semen -> Donut -> Megabean -> Banana -> Mouthwash -> Donut -> Energy drink -> Megabean -> Mouthwash -> Viagra -> Cuke -> Chili -> Donut -> Motor oil -> Iodine,"ANTI_GRAVITY, ATHLETIC, BALDING, BRIGHT_EYED, CYCLOPEAN, ELECTRIFYING, EXPLOSIVE, GINGERITIS, GLOWING, JENNERISING, LONG_FACED, SCHIZOPHRENIC, SEDATING, SLIPPERY, SNEAKY, SPICY, THOUGHT_PROVOKING, TROPIC_THUNDER, ZOMBIFYING"
198,277.8999938964844,152.89999389648438,125.0,15.438888549804688,8.494444105360243,Cuke -> Megabean -> Banana -> Chili -> Gasoline -> Battery -> Cuke -> Horse semen -> Banana -> Megabean -> Iodine -> Horse semen -> Motor oil -> Cuke -> Donut -> Mouthwash -> Iodine -> Viagra,"ANTI_GRAVITY, BALDING, BRIGHT_EYED, CALMING, CYCLOPEAN, ELECTRIFYING, ENERGIZING, GINGERITIS, GLOWING, JENNERISING, LONG_FACED, SCHIZOPHRENIC, SEDATING, SLIPPERY, SNEAKY, SPICY, THOUGHT_PROVOKING, TROPIC_THUNDER, ZOMBIFYING"
199,277.8999938964844,143.89999389648438,134.0,15.438888549804688,7.994444105360243,Mouthwash -> Cuke -> Donut -> Iodine -> Megabean -> Energy drink -> Horse semen -> Addy -> Donut -> Battery -> Horse semen -> Banana -> Megabean -> Cuke -> Chili -> Motor oil -> Mouthwash -> Iodine,"ANTI_GRAVITY, ATHLETIC, BALDING, BRIGHT_EYED, CYCLOPEAN, DISORIENTING, ELECTRIFYING, GINGERITIS, GLOWING, JENNERISING, LONG_FACED, SCHIZOPHRENIC, SEDATING, SLIPPERY, SNEAKY, SPICY, THOUGHT_PROVOKING, TROPIC_THUNDER, ZOMBIFYING"
200,277.8999938964844,148.89999389648438,129.0,15.438888549804688,8.272221883138021,Cuke -> Chili -> Gasoline -> Battery -> Cuke -> Megabean -> Horse semen -> Motor oil -> Banana -> Megabean -> Iodine -> Horse semen -> Motor oil -> Cuke -> Donut -> Mouthwash -> Iodine -> Viagra,"ANTI_GRAVITY, BALDING, BRIGHT_EYED, CALMING, CYCLOPEAN, ELECTRIFYING, ENERGIZING, GINGERITIS, GLOWING, JENNERISING, LONG_FACED, PARANOIA, SEDATING, SLIPPERY, SNEAKY, SPICY, THOUGHT_PROVOKING, TROPIC_THUNDER, ZOMBIFYING"
201,277.8999938964844,138.89999389648438,139.0,15.438888549804688,7.716666327582465,Donut -> Megabean -> Addy -> Megabean -> Energy drink -> Battery -> Megabean -> Flu-meds -> Energy drink -> Paracetamol -> Gasoline -> Iodine -> Mouthwash -> Horse semen -> Chili -> Donut -> Mouthwash -> Iodine,"ANTI_GRAVITY, ATHLETIC, BALDING, BRIGHT_EYED, CYCLOPEAN, ELECTRIFYING, GINGERITIS, GLOWING, JENNERISING, LONG_FACED, PARANOIA, SEDATING, SLIPPERY, SNEAKY, SPICY, THOUGHT_PROVOKING, TROPIC_THUNDER, ZOMBIFYING"
202,277.8999938964844,147.89999389648438,130.0,15.438888549804688,8.216666327582466,Paracetamol -> Gasoline -> Cuke -> Chili -> Addy -> Gasoline -> Horse semen -> Donut -> Banana -> Battery -> Cuke -> Megabean -> Mouthwash -> Iodine -> Horse semen -> Donut -> Motor oil -> Iodine,"ANTI_GRAVITY, ATHLETIC, BALDING, BRIGHT_EYED, CYCLOPEAN, ELECTRIFYING, EXPLOSIVE, GINGERITIS, GLOWING, JENNERISING, LAXATIVE, LONG_FACED, SEDATING, SLIPPERY, SNEAKY, SPICY, THOUGHT_PROVOKING, TROPIC_THUNDER, ZOMBIFYING"
203,277.8999938964844,132.89999389648438,145.0,15.438888549804688,7.383332994249132,Horse semen -> Addy -> Megabean -> Energy drink -> Flu-meds -> Megabean -> Energy drink -> Battery -> Chili -> Cuke -> Megabean -> Iodine -> Horse semen -> Mouthwash -> Donut -> Mouthwash -> Motor oil -> Iodine,"ANTI_GRAVITY, ATHLETIC, BALDING, BRIGHT_EYED, CYCLOPEAN, DISORIENTING, ELECTRIFYING, GINGERITIS, GLOWING, JENNERISING, LAXATIVE, LONG_FACED, SEDATING, SLIPPERY, SNEAKY, SPICY, THOUGHT_PROVOKING, TROPIC_THUNDER, ZOMBIFYING"
204,277.8999938964844,146.89999389648438,131.0,15.438888549804688,8.161110772026909,Cuke -> Donut -> Horse semen -> Gasoline -> Banana -> Megabean -> Cuke -> Flu-meds -> Energy drink -> Battery -> Megabean -> Mouthwash -> Iodine -> Horse semen -> Chili -> Donut -> Motor oil -> Iodine,"ANTI_GRAVITY, ATHLETIC, BALDING, BRIGHT_EYED, CYCLOPEAN, DISORIENTING, ELECTRIFYING, EXPLOSIVE, GINGERITIS, GLOWING, JENNERISING, LONG_FACED, SEDATING, SLIPPERY, SNEAKY, SPICY, THOUGHT_PROVOKING, TROPIC_THUNDER, ZOMBIFYING"
205,277.8999938964844,138.89999389648438,139.0,15.438888549804688,7.716666327582465,Megabean -> Horse semen -> Addy -> Gasoline -> Horse semen -> Chili -> Banana -> Battery -> Cuke -> Megabean -> Iodine -> Horse semen -> Motor oil -> Cuke -> Donut -> Mouthwash -> Iodine -> Viagra,"ANTI_GRAVITY, BALDING, BRIGHT_EYED, CALMING, CYCLOPEAN, ELECTRIFYING, ENERGIZING, GINGERITIS, GLOWING, JENNERISING, LONG_FACED, SEDATING, SLIPPERY, SNEAKY, SPICY, THOUGHT_PROVOKING, TROPIC_THUNDER, ZOMBIFYING"
206,277.8999938964844,147.89999389648438,130.0,16.34705846449908,8.699999640969668,Horse semen -> Chili -> Gasoline -> Banana -> Gasoline -> Cuke -> Energy drink -> Battery -> Megabean -> Iodine -> Horse semen -> Mouthwash -> Chili -> Donut -> Mouthwash -> Motor oil -> Iodine,"ANTI_GRAVITY, ATHLETIC, BALDING, BRIGHT_EYED, CYCLOPEAN, ELECTRIFYING, GINGERITIS, GLOWING, JENNERISING, LONG_FACED, SEDATING, SLIPPERY, SMELLY, SNEAKY, SPICY, THOUGHT_PROVOKING, TROPIC_THUNDER, ZOMBIFYING"
207,277.8999938964844,150.89999389648438,127.0,16.34705846449908,8.876470229204964,Banana -> Gasoline -> Cuke -> Donut -> Horse semen -> Addy -> Donut -> Battery -> Horse semen -> Megabean -> Energy drink -> Banana -> Megabean -> Chili -> Mouthwash -> Iodine -> Motor oil,"ANTI_GRAVITY, ATHLETIC, BALDING, BRIGHT_EYED, CYCLOPEAN, ELECTRIFYING, GINGERITIS, GLOWING, JENNERISING, LONG_FACED, SEDATING, SEIZURE_INDUCING, SLIPPERY, SNEAKY, SPICY, THOUGHT_PROVOKING, TROPIC_THUNDER, ZOMBIFYING"
208,277.8999938964844,139.89999389648438,138.0,16.34705846449908,8.22941140567555,Iodine -> Motor oil -> Chili -> Megabean -> Energy drink -> Horse semen -> Addy -> Donut -> Battery -> Horse semen -> Banana -> Megabean -> Cuke -> Chili -> Motor oil -> Mouthwash -> Iodine,"ANTI_GRAVITY, ATHLETIC, BALDING, BRIGHT_EYED, CYCLOPEAN, ELECTRIFYING, GINGERITIS, GLOWING, JENNERISING, LONG_FACED, SCHIZOPHRENIC, SEDATING, SLIPPERY, SNEAKY, SPICY, THOUGHT_PROVOKING, TROPIC_THUNDER, ZOMBIFYING"
209,277.8999938964844,142.89999389648438,135.0,16.34705846449908,8.405881993910846,Megabean -> Addy -> Megabean -> Flu-meds -> Gasoline -> Energy drink -> Battery -> Chili -> Cuke -> Megabean -> Iodine -> Horse semen -> Mouthwash -> Donut -> Mouthwash -> Motor oil -> Iodine,"ANTI_GRAVITY, ATHLETIC, BALDING, BRIGHT_EYED, CYCLOPEAN, ELECTRIFYING, GINGERITIS, GLOWING, JENNERISING, LAXATIVE, LONG_FACED, SEDATING, SLIPPERY, SNEAKY, SPICY, THOUGHT_PROVOKING, TROPIC_THUNDER, ZOMBIFYING"
210,277.8999938964844,148.89999389648438,129.0,16.34705846449908,8.758823170381433,Megabean -> Cuke -> Donut -> Flu-meds -> Energy drink -> Horse semen -> Gasoline -> Banana -> Battery -> Megabean -> Mouthwash -> Iodine -> Horse semen -> Chili -> Donut -> Motor oil -> Iodine,"ANTI_GRAVITY, ATHLETIC, BALDING, BRIGHT_EYED, CYCLOPEAN, ELECTRIFYING, EXPLOSIVE, GINGERITIS, GLOWING, JENNERISING, LONG_FACED, SEDATING, SLIPPERY, SNEAKY, SPICY, THOUGHT_PROVOKING, TROPIC_THUNDER, ZOMBIFYING"
211,277.8999938964844,145.89999389648438,132.0,16.34705846449908,8.58235258214614,Horse semen -> Chili -> Gasoline -> Banana -> Megabean -> Cuke -> Energy drink -> Battery -> Megabean -> Iodine -> Horse semen -> Mouthwash -> Chili -> Donut -> Mouthwash -> Motor oil -> Iodine,"ANTI_GRAVITY, ATHLETIC, BALDING, BRIGHT_EYED, CYCLOPEAN, DISORIENTING, ELECTRIFYING, GINGERITIS, GLOWING, JENNERISING, LONG_FACED, SEDATING, SLIPPERY, SNEAKY, SPICY, THOUGHT_PROVOKING, TROPIC_THUNDER, ZOMBIFYING"
212,277.8999938964844,152.89999389648438,125.0,17.368749618530273,9.556249618530273,Megabean -> Cuke -> Energy drink -> Horse semen -> Gasoline -> Banana -> Battery -> Megabean -> Iodine -> Horse semen -> Mouthwash -> Chili -> Donut -> Mouthwash -> Motor oil -> Iodine,"ANTI_GRAVITY, ATHLETIC, BALDING, BRIGHT_EYED, CYCLOPEAN, ELECTRIFYING, GINGERITIS, GLOWING, JENNERISING, LONG_FACED, SEDATING, SLIPPERY, SNEAKY, SPICY, THOUGHT_PROVOKING, TROPIC_THUNDER, ZOMBIFYING"
213,277.20001220703125,130.20001220703125,147.0,11.08800048828125,5.20800048828125,Banana -> Gasoline -> Megabean -> Cuke -> Donut -> Addy -> Donut -> Paracetamol -> Battery -> Cuke -> Gasoline -> Energy drink -> Motor oil -> Cuke -> Horse semen -> Banana -> Megabean -> Horse semen -> Banana -> Cuke -> Chili -> Motor oil -> Viagra -> Cuke -> Viagra,"ANTI_GRAVITY, BALDING, BRIGHT_EYED, CALORIE_DENSE, CYCLOPEAN, ELECTRIFYING, ENERGIZING, EXPLOSIVE, GINGERITIS, GLOWING, JENNERISING, LONG_FACED, PARANOIA, REFRESHING, SCHIZOPHRENIC, SEDATING, SEIZURE_INDUCING, SNEAKY, SPICY, THOUGHT_PROVOKING, TROPIC_THUNDER, ZOMBIFYING"
214,277.20001220703125,131.20001220703125,146.0,12.052174443783967,5.704348356827445,Megabean -> Mouthwash -> Banana -> Gasoline -> Donut -> Cuke -> Energy drink -> Horse semen -> Addy -> Donut -> Mouthwash -> Battery -> Horse semen -> Banana -> Megabean -> Horse semen -> Banana -> Cuke -> Chili -> Motor oil -> Viagra -> Cuke -> Viagra,"ANTI_GRAVITY, BALDING, BRIGHT_EYED, CALORIE_DENSE, CYCLOPEAN, ELECTRIFYING, ENERGIZING, GINGERITIS, GLOWING, JENNERISING, LONG_FACED, PARANOIA, REFRESHING, SCHIZOPHRENIC, SEDATING, SEIZURE_INDUCING, SNEAKY, SPICY, THOUGHT_PROVOKING, TROPIC_THUNDER, ZOMBIFYING"
215,277.20001220703125,129.20001220703125,148.0,12.052174443783967,5.617391835088315,Paracetamol -> Iodine -> Megabean -> Chili -> Energy drink -> Horse semen -> Addy -> Donut -> Battery -> Motor oil -> Cuke -> Paracetamol -> Horse semen -> Cuke -> Banana -> Megabean -> Banana -> Chili -> Viagra -> Cuke -> Motor oil -> Cuke -> Viagra,"ANTI_GRAVITY, BALDING, BRIGHT_EYED, CALORIE_DENSE, CYCLOPEAN, ELECTRIFYING, ENERGIZING, EXPLOSIVE, GINGERITIS, GLOWING, JENNERISING, LONG_FACED, REFRESHING, SCHIZOPHRENIC, SEDATING, SEIZURE_INDUCING, SNEAKY, SPICY, THOUGHT_PROVOKING, TROPIC_THUNDER, ZOMBIFYING"
216,277.20001220703125,123.20001220703125,154.0,12.052174443783967,5.356522269870924,Banana -> Cuke -> Gasoline -> Battery -> Cuke -> Horse semen -> Flu-meds -> Iodine -> Donut -> Energy drink -> Viagra -> Addy -> Megabean -> Mouthwash -> Horse semen -> Iodine -> Donut -> Motor oil -> Cuke -> Donut -> Chili -> Mouthwash -> Iodine,"ANTI_GRAVITY, ATHLETIC, BALDING, BRIGHT_EYED, CYCLOPEAN, DISORIENTING, ELECTRIFYING, ENERGIZING, GINGERITIS, GLOWING, JENNERISING, LONG_FACED, PARANOIA, SCHIZOPHRENIC, SEDATING, SEIZURE_INDUCING, SLIPPERY, SMELLY, SPICY, THOUGHT_PROVOKING, TROPIC_THUNDER, ZOMBIFYING"
217,277.20001220703125,145.20001220703125,132.0,12.600000554865057,6.600000554865057,Cuke -> Donut -> Iodine -> Megabean -> Chili -> Energy drink -> Battery -> Flu-meds -> Cuke -> Banana -> Gasoline -> Cuke -> Megabean -> Banana -> Horse semen -> Banana -> Cuke -> Chili -> Motor oil -> Viagra -> Cuke -> Viagra,"ANTI_GRAVITY, BALDING, BRIGHT_EYED, CALORIE_DENSE, CYCLOPEAN, ELECTRIFYING, ENERGIZING, EXPLOSIVE, GINGERITIS, GLOWING, JENNERISING, LONG_FACED, PARANOIA, REFRESHING, SCHIZOPHRENIC, SEDATING, SNEAKY, SPICY, THOUGHT_PROVOKING, TROPIC_THUNDER, ZOMBIFYING"
218,277.20001220703125,127.20001220703125,150.0,12.600000554865057,5.781818736683238,Banana -> Cuke -> Gasoline -> Battery -> Cuke -> Horse semen -> Flu-meds -> Iodine -> Donut -> Energy drink -> Viagra -> Addy -> Megabean -> Horse semen -> Iodine -> Donut -> Motor oil -> Cuke -> Donut -> Chili -> Mouthwash -> Iodine,"ANTI_GRAVITY, ATHLETIC, BALDING, BRIGHT_EYED, CYCLOPEAN, DISORIENTING, ELECTRIFYING, ENERGIZING, GINGERITIS, GLOWING, JENNERISING, LONG_FACED, SCHIZOPHRENIC, SEDATING, SEIZURE_INDUCING, SLIPPERY, SMELLY, SPICY, THOUGHT_PROVOKING, TROPIC_THUNDER, ZOMBIFYING"
219,277.20001220703125,122.20001220703125,155.0,12.600000554865057,5.554546009410512,Cuke -> Megabean -> Energy drink -> Flu-meds -> Megabean -> Banana -> Battery -> Energy drink -> Viagra -> Gasoline -> Megabean -> Addy -> Horse semen -> Megabean -> Iodine -> Donut -> Motor oil -> Cuke -> Donut -> Chili -> Mouthwash -> Iodine,"ANTI_GRAVITY, ATHLETIC, BALDING, BRIGHT_EYED, CYCLOPEAN, DISORIENTING, ELECTRIFYING, ENERGIZING, GINGERITIS, GLOWING, JENNERISING, LONG_FACED, PARANOIA, SEDATING, SEIZURE_INDUCING, SLIPPERY, SMELLY, SPICY, THOUGHT_PROVOKING, TROPIC_THUNDER, ZOMBIFYING"
220,277.20001220703125,123.20001220703125,154.0,12.600000554865057,5.600000554865057,Cuke -> Donut -> Chili -> Gasoline -> Banana -> Battery -> Flu-meds -> Energy drink -> Gasoline -> Iodine -> Megabean -> Addy -> Horse semen -> Megabean -> Iodine -> Donut -> Motor oil -> Cuke -> Donut -> Chili -> Mouthwash -> Iodine,"ANTI_GRAVITY, ATHLETIC, BALDING, BRIGHT_EYED, CYCLOPEAN, DISORIENTING, ELECTRIFYING, ENERGIZING, GINGERITIS, GLOWING, JENNERISING, LONG_FACED, SEDATING, SEIZURE_INDUCING, SLIPPERY, SMELLY, SPICY, THOUGHT_PROVOKING, TROPIC_THUNDER, ZOMBIFYING"
221,277.20001220703125,125.20001220703125,152.0,12.600000554865057,5.6909096457741475,Cuke -> Gasoline -> Battery -> Cuke -> Horse semen -> Flu-meds -> Iodine -> Donut -> Energy drink -> Viagra -> Addy -> Megabean -> Mouthwash -> Horse semen -> Iodine -> Donut -> Motor oil -> Cuke -> Donut -> Chili -> Mouthwash -> Iodine,"ANTI_GRAVITY, ATHLETIC, BALDING, BRIGHT_EYED, CYCLOPEAN, DISORIENTING, ELECTRIFYING, ENERGIZING, GINGERITIS, GLOWING, JENNERISING, LONG_FACED, PARANOIA, SCHIZOPHRENIC, SEDATING, SEIZURE_INDUCING, SLIPPERY, SPICY, THOUGHT_PROVOKING, TROPIC_THUNDER, ZOMBIFYING"
222,277.20001220703125,145.20001220703125,132.0,13.200000581287203,6.914286295572917,Mouthwash -> Horse semen -> Donut -> Cuke -> Megabean -> Energy drink -> Addy -> Donut -> Mouthwash -> Battery -> Horse semen -> Cuke -> Banana -> Megabean -> Banana -> Chili -> Viagra -> Cuke -> Motor oil -> Cuke -> Viagra,"ANTI_GRAVITY, BALDING, BRIGHT_EYED, CALORIE_DENSE, CYCLOPEAN, ELECTRIFYING, ENERGIZING, GINGERITIS, GLOWING, JENNERISING, LONG_FACED, REFRESHING, SCHIZOPHRENIC, SEDATING, SEIZURE_INDUCING, SNEAKY, SPICY, THOUGHT_PROVOKING, TROPIC_THUNDER, ZOMBIFYING"
223,277.20001220703125,144.20001220703125,133.0,13.200000581287203,6.866667247953869,Mouthwash -> Flu-meds -> Horse semen -> Gasoline -> Donut -> Cuke -> Energy drink -> Addy -> Megabean -> Donut -> Mouthwash -> Banana -> Battery -> Horse semen -> Banana -> Cuke -> Chili -> Motor oil -> Viagra -> Cuke -> Viagra,"ANTI_GRAVITY, BALDING, BRIGHT_EYED, CALORIE_DENSE, CYCLOPEAN, ELECTRIFYING, ENERGIZING, GINGERITIS, GLOWING, JENNERISING, LONG_FACED, PARANOIA, REFRESHING, SCHIZOPHRENIC, SEDATING, SNEAKY, SPICY, THOUGHT_PROVOKING, TROPIC_THUNDER, ZOMBIFYING"
224,277.20001220703125,151.20001220703125,126.0,13.200000581287203,7.2000005812872026,Megabean -> Cuke -> Donut -> Banana -> Paracetamol -> Cuke -> Iodine -> Battery -> Gasoline -> Battery -> Cuke -> Megabean -> Flu-meds -> Banana -> Horse semen -> Banana -> Cuke -> Chili -> Motor oil -> Cuke -> Viagra,"ANTI_GRAVITY, BALDING, BRIGHT_EYED, CALORIE_DENSE, CYCLOPEAN, ELECTRIFYING, ENERGIZING, EXPLOSIVE, GINGERITIS, GLOWING, JENNERISING, LONG_FACED, REFRESHING, SCHIZOPHRENIC, SEDATING, SNEAKY, SPICY, THOUGHT_PROVOKING, TROPIC_THUNDER, ZOMBIFYING"
225,277.20001220703125,126.20001220703125,151.0,13.200000581287203,6.009524390811012,Addy -> Megabean -> Banana -> Gasoline -> Flu-meds -> Chili -> Energy drink -> Donut -> Chili -> Battery -> Cuke -> Addy -> Megabean -> Horse semen -> Iodine -> Motor oil -> Viagra -> Cuke -> Donut -> Mouthwash -> Iodine,"ANTI_GRAVITY, ATHLETIC, BALDING, BRIGHT_EYED, CYCLOPEAN, ELECTRIFYING, ENERGIZING, GINGERITIS, GLOWING, JENNERISING, LAXATIVE, LONG_FACED, PARANOIA, SCHIZOPHRENIC, SEDATING, SEIZURE_INDUCING, SLIPPERY, SMELLY, SPICY, THOUGHT_PROVOKING, TROPIC_THUNDER, ZOMBIFYING"
226,277.20001220703125,123.20001220703125,154.0,13.200000581287203,5.866667247953869,Addy -> Megabean -> Gasoline -> Energy drink -> Horse semen -> Battery -> Chili -> Banana -> Gasoline -> Viagra -> Megabean -> Cuke -> Motor oil -> Megabean -> Iodine -> Horse semen -> Motor oil -> Cuke -> Donut -> Mouthwash -> Iodine,"ANTI_GRAVITY, ATHLETIC, BALDING, BRIGHT_EYED, CYCLOPEAN, DISORIENTING, ELECTRIFYING, ENERGIZING, GINGERITIS, GLOWING, JENNERISING, LAXATIVE, LONG_FACED, PARANOIA, SCHIZOPHRENIC, SEDATING, SLIPPERY, SMELLY, SPICY, THOUGHT_PROVOKING, TROPIC_THUNDER, ZOMBIFYING"
227,277.20001220703125,121.20001220703125,156.0,13.200000581287203,5.771429152715774,Megabean -> Chili -> Energy drink -> Addy -> Battery -> Horse semen -> Banana -> Chili -> Gasoline -> Viagra -> Cuke -> Megabean -> Motor oil -> Megabean -> Iodine -> Horse semen -> Motor oil -> Cuke -> Donut -> Mouthwash -> Iodine,"ANTI_GRAVITY, ATHLETIC, BALDING, BRIGHT_EYED, CYCLOPEAN, DISORIENTING, ELECTRIFYING, ENERGIZING, GINGERITIS, GLOWING, JENNERISING, LAXATIVE, LONG_FACED, PARANOIA, SEDATING, SLIPPERY, SMELLY, SPICY, THOUGHT_PROVOKING, TROPIC_THUNDER, ZOMBIFYING"
228,277.20001220703125,129.20001220703125,148.0,13.200000581287203,6.152381533668155,Cuke -> Gasoline -> Battery -> Cuke -> Horse semen -> Flu-meds -> Iodine -> Donut -> Energy drink -> Viagra -> Addy -> Megabean -> Horse semen -> Iodine -> Donut -> Motor oil -> Cuke -> Donut -> Chili -> Mouthwash -> Iodine,"ANTI_GRAVITY, ATHLETIC, BALDING, BRIGHT_EYED, CYCLOPEAN, DISORIENTING, ELECTRIFYING, ENERGIZING, GINGERITIS, GLOWING, JENNERISING, LONG_FACED, SCHIZOPHRENIC, SEDATING, SEIZURE_INDUCING, SLIPPERY, SPICY, THOUGHT_PROVOKING, TROPIC_THUNDER, ZOMBIFYING"
229,277.20001220703125,128.20001220703125,149.0,13.200000581287203,6.104762486049107,Donut -> Megabean -> Gasoline -> Energy drink -> Banana -> Flu-meds -> Battery -> Energy drink -> Viagra -> Megabean -> Addy -> Horse semen -> Megabean -> Iodine -> Donut -> Motor oil -> Cuke -> Donut -> Chili -> Mouthwash -> Iodine,"ANTI_GRAVITY, ATHLETIC, BALDING, BRIGHT_EYED, CYCLOPEAN, DISORIENTING, ELECTRIFYING, ENERGIZING, GINGERITIS, GLOWING, JENNERISING, LONG_FACED, PARANOIA, SEDATING, SEIZURE_INDUCING, SLIPPERY, SPICY, THOUGHT_PROVOKING, TROPIC_THUNDER, ZOMBIFYING"
230,277.20001220703125,119.20001220703125,158.0,13.200000581287203,5.676191057477679,Donut -> Addy -> Horse semen -> Battery -> Iodine -> Flu-meds -> Donut -> Energy drink -> Viagra -> Addy -> Megabean -> Megabean -> Horse semen -> Iodine -> Donut -> Motor oil -> Cuke -> Donut -> Chili -> Mouthwash -> Iodine,"ANTI_GRAVITY, ATHLETIC, BALDING, BRIGHT_EYED, CYCLOPEAN, DISORIENTING, ELECTRIFYING, ENERGIZING, GINGERITIS, GLOWING, JENNERISING, LONG_FACED, SEDATING, SEIZURE_INDUCING, SLIPPERY, SPICY, THOUGHT_PROVOKING, TROPIC_THUNDER, ZOMBIFYING"
231,277.20001220703125,140.20001220703125,137.0,13.860000610351562,7.010000610351563,Donut -> Gasoline -> Banana -> Megabean -> Cuke -> Gasoline -> Energy drink -> Battery -> Cuke -> Horse semen -> Addy -> Megabean -> Iodine -> Motor oil -> Viagra -> Cuke -> Donut -> Chili -> Mouthwash -> Iodine,"ANTI_GRAVITY, ATHLETIC, BALDING, BRIGHT_EYED, CYCLOPEAN, ELECTRIFYING, ENERGIZING, GINGERITIS, GLOWING, JENNERISING, LONG_FACED, PARANOIA, SCHIZOPHRENIC, SEDATING, SEIZURE_INDUCING, SLIPPERY, SMELLY, SPICY, THOUGHT_PROVOKING, TROPIC_THUNDER, ZOMBIFYING"
232,277.20001220703125,131.20001220703125,146.0,13.860000610351562,6.560000610351563,Donut -> Addy -> Horse semen -> Iodine -> Donut -> Cuke -> Chili -> Gasoline -> Battery -> Cuke -> Addy -> Megabean -> Horse semen -> Iodine -> Motor oil -> Viagra -> Cuke -> Donut -> Mouthwash -> Iodine,"ANTI_GRAVITY, ATHLETIC, BALDING, BRIGHT_EYED, CYCLOPEAN, ELECTRIFYING, ENERGIZING, GINGERITIS, GLOWING, JENNERISING, LAXATIVE, LONG_FACED, SCHIZOPHRENIC, SEDATING, SEIZURE_INDUCING, SLIPPERY, SMELLY, SPICY, THOUGHT_PROVOKING, TROPIC_THUNDER, ZOMBIFYING"
233,277.20001220703125,140.20001220703125,137.0,13.860000610351562,7.010000610351563,Megabean -> Cuke -> Banana -> Gasoline -> Battery -> Flu-meds -> Energy drink -> Donut -> Chili -> Cuke -> Addy -> Horse semen -> Megabean -> Iodine -> Motor oil -> Viagra -> Cuke -> Donut -> Mouthwash -> Iodine,"ANTI_GRAVITY, ATHLETIC, BALDING, BRIGHT_EYED, CYCLOPEAN, ELECTRIFYING, ENERGIZING, GINGERITIS, GLOWING, JENNERISING, LAXATIVE, LONG_FACED, PARANOIA, SEDATING, SEIZURE_INDUCING, SLIPPERY, SMELLY, SPICY, THOUGHT_PROVOKING, TROPIC_THUNDER, ZOMBIFYING"
234,277.20001220703125,134.20001220703125,143.0,13.860000610351562,6.710000610351562,Horse semen -> Banana -> Cuke -> Flu-meds -> Chili -> Gasoline -> Battery -> Cuke -> Energy drink -> Addy -> Horse semen -> Megabean -> Iodine -> Viagra -> Chili -> Motor oil -> Cuke -> Donut -> Mouthwash -> Iodine,"ANTI_GRAVITY, ATHLETIC, BALDING, BRIGHT_EYED, CYCLOPEAN, ELECTRIFYING, ENERGIZING, GINGERITIS, GLOWING, JENNERISING, LAXATIVE, LONG_FACED, SEDATING, SEIZURE_INDUCING, SLIPPERY, SMELLY, SPICY, THOUGHT_PROVOKING, TROPIC_THUNDER, ZOMBIFYING"
235,277.20001220703125,130.20001220703125,147.0,13.860000610351562,6.510000610351563,Megabean -> Chili -> Energy drink -> Horse semen -> Battery -> Chili -> Viagra -> Banana -> Megabean -> Gasoline -> Cuke -> Motor oil -> Megabean -> Iodine -> Horse semen -> Motor oil -> Cuke -> Donut -> Mouthwash -> Iodine,"ANTI_GRAVITY, ATHLETIC, BALDING, BRIGHT_EYED, CYCLOPEAN, ELECTRIFYING, ENERGIZING, GINGERITIS, GLOWING, JENNERISING, LAXATIVE, LONG_FACED, PARANOIA, SCHIZOPHRENIC, SEDATING, SLIPPERY, SMELLY, SPICY, THOUGHT_PROVOKING, TROPIC_THUNDER, ZOMBIFYING"
236,277.20001220703125,130.20001220703125,147.0,13.860000610351562,6.510000610351563,Megabean -> Flu-meds -> Chili -> Energy drink -> Paracetamol -> Megabean -> Banana -> Battery -> Gasoline -> Addy -> Viagra -> Megabean -> Iodine -> Horse semen -> Motor oil -> Cuke -> Donut -> Chili -> Mouthwash -> Iodine,"ANTI_GRAVITY, ATHLETIC, BALDING, BRIGHT_EYED, CYCLOPEAN, DISORIENTING, ELECTRIFYING, ENERGIZING, GINGERITIS, GLOWING, JENNERISING, LONG_FACED, PARANOIA, SCHIZOPHRENIC, SEDATING, SLIPPERY, SMELLY, SPICY, THOUGHT_PROVOKING, TROPIC_THUNDER, ZOMBIFYING"
237,277.20001220703125,136.20001220703125,141.0,13.860000610351562,6.810000610351563,Megabean -> Energy drink -> Flu-meds -> Chili -> Megabean -> Banana -> Cuke -> Viagra -> Gasoline -> Battery -> Cuke -> Addy -> Megabean -> Iodine -> Horse semen -> Motor oil -> Cuke -> Donut -> Mouthwash -> Iodine,"ANTI_GRAVITY, ATHLETIC, BALDING, BRIGHT_EYED, CYCLOPEAN, DISORIENTING, ELECTRIFYING, ENERGIZING, GINGERITIS, GLOWING, JENNERISING, LAXATIVE, LONG_FACED, SCHIZOPHRENIC, SEDATING, SLIPPERY, SMELLY, SPICY, THOUGHT_PROVOKING, TROPIC_THUNDER, ZOMBIFYING"
238,277.20001220703125,127.20001220703125,150.0,13.860000610351562,6.3600006103515625,Megabean -> Banana -> Flu-meds -> Gasoline -> Energy drink -> Horse semen -> Paracetamol -> Flu-meds -> Battery -> Addy -> Megabean -> Megabean -> Iodine -> Horse semen -> Motor oil -> Cuke -> Donut -> Chili -> Mouthwash -> Iodine,"ANTI_GRAVITY, ATHLETIC, BALDING, BRIGHT_EYED, CYCLOPEAN, DISORIENTING, ELECTRIFYING, ENERGIZING, GINGERITIS, GLOWING, JENNERISING, LONG_FACED, PARANOIA, SEDATING, SLIPPERY, SMELLY, SPICY, THOUGHT_PROVOKING, TROPIC_THUNDER, ZOMBIFYING"
239,277.20001220703125,129.20001220703125,148.0,13.860000610351562,6.460000610351562,Addy -> Megabean -> Gasoline -> Energy drink -> Horse semen -> Battery -> Chili -> Banana -> Gasoline -> Viagra -> Megabean -> Cuke -> Megabean -> Iodine -> Horse semen -> Motor oil -> Cuke -> Donut -> Mouthwash -> Iodine,"ANTI_GRAVITY, ATHLETIC, BALDING, BRIGHT_EYED, CYCLOPEAN, DISORIENTING, ELECTRIFYING, ENERGIZING, GINGERITIS, GLOWING, JENNERISING, LAXATIVE, LONG_FACED, SEDATING, SLIPPERY, SMELLY, SPICY, THOUGHT_PROVOKING, TROPIC_THUNDER, ZOMBIFYING"
240,277.20001220703125,134.20001220703125,143.0,13.860000610351562,6.710000610351562,Megabean -> Banana -> Energy drink -> Flu-meds -> Megabean -> Energy drink -> Donut -> Chili -> Battery -> Cuke -> Addy -> Megabean -> Horse semen -> Iodine -> Motor oil -> Viagra -> Cuke -> Donut -> Mouthwash -> Iodine,"ANTI_GRAVITY, ATHLETIC, BALDING, BRIGHT_EYED, CYCLOPEAN, ELECTRIFYING, ENERGIZING, GINGERITIS, GLOWING, JENNERISING, LAXATIVE, LONG_FACED, PARANOIA, SCHIZOPHRENIC, SEDATING, SEIZURE_INDUCING, SLIPPERY, SPICY, THOUGHT_PROVOKING, TROPIC_THUNDER, ZOMBIFYING"
241,277.20001220703125,136.20001220703125,141.0,13.860000610351562,6.810000610351563,Megabean -> Energy drink -> Flu-meds -> Chili -> Megabean -> Battery -> Cuke -> Mouthwash -> Donut -> Addy -> Horse semen -> Megabean -> Iodine -> Viagra -> Cuke -> Motor oil -> Cuke -> Donut -> Mouthwash -> Iodine,"ANTI_GRAVITY, ATHLETIC, BALDING, BRIGHT_EYED, CYCLOPEAN, ELECTRIFYING, ENERGIZING, GINGERITIS, GLOWING, JENNERISING, LAXATIVE, LONG_FACED, SCHIZOPHRENIC, SEDATING, SEIZURE_INDUCING, SLIPPERY, SPICY, THOUGHT_PROVOKING, TROPIC_THUNDER, ZOMBIFYING"
242,277.20001220703125,133.20001220703125,144.0,13.860000610351562,6.660000610351562,Megabean -> Energy drink -> Megabean -> Flu-meds -> Energy drink -> Chili -> Banana -> Battery -> Viagra -> Megabean -> Cuke -> Motor oil -> Megabean -> Iodine -> Horse semen -> Motor oil -> Cuke -> Donut -> Mouthwash -> Iodine,"ANTI_GRAVITY, ATHLETIC, BALDING, BRIGHT_EYED, CYCLOPEAN, DISORIENTING, ELECTRIFYING, ENERGIZING, GINGERITIS, GLOWING, JENNERISING, LAXATIVE, LONG_FACED, PARANOIA, SCHIZOPHRENIC, SEDATING, SLIPPERY, SPICY, THOUGHT_PROVOKING, TROPIC_THUNDER, ZOMBIFYING"
243,277.20001220703125,142.20001220703125,135.0,13.860000610351562,7.1100006103515625,Megabean -> Energy drink -> Banana -> Chili -> Viagra -> Cuke -> Gasoline -> Battery -> Cuke -> Megabean -> Motor oil -> Banana -> Megabean -> Iodine -> Horse semen -> Motor oil -> Cuke -> Donut -> Mouthwash -> Iodine,"ANTI_GRAVITY, ATHLETIC, BALDING, BRIGHT_EYED, CYCLOPEAN, DISORIENTING, ELECTRIFYING, ENERGIZING, GINGERITIS, GLOWING, JENNERISING, LAXATIVE, LONG_FACED, PARANOIA, SEDATING, SLIPPERY, SPICY, THOUGHT_PROVOKING, TROPIC_THUNDER, ZOMBIFYING"
244,277.20001220703125,151.20001220703125,126.0,14.589474326685854,7.957895379317434,Mouthwash -> Iodine -> Gasoline -> Cuke -> Horse semen -> Donut -> Addy -> Donut -> Mouthwash -> Megabean -> Banana -> Battery -> Horse semen -> Banana -> Cuke -> Chili -> Motor oil -> Cuke -> Viagra,"ANTI_GRAVITY, BALDING, BRIGHT_EYED, CALORIE_DENSE, CYCLOPEAN, ELECTRIFYING, ENERGIZING, GINGERITIS, GLOWING, JENNERISING, LONG_FACED, REFRESHING, SCHIZOPHRENIC, SEDATING, SNEAKY, SPICY, THOUGHT_PROVOKING, TROPIC_THUNDER, ZOMBIFYING"
245,277.20001220703125,140.20001220703125,137.0,14.589474326685854,7.378948010896382,Donut -> Addy -> Horse semen -> Iodine -> Donut -> Cuke -> Gasoline -> Battery -> Cuke -> Addy -> Megabean -> Iodine -> Motor oil -> Viagra -> Cuke -> Donut -> Chili -> Mouthwash -> Iodine,"ANTI_GRAVITY, ATHLETIC, BALDING, BRIGHT_EYED, CYCLOPEAN, ELECTRIFYING, ENERGIZING, GINGERITIS, GLOWING, JENNERISING, LONG_FACED, SCHIZOPHRENIC, SEDATING, SEIZURE_INDUCING, SLIPPERY, SMELLY, SPICY, THOUGHT_PROVOKING, TROPIC_THUNDER, ZOMBIFYING"
246,277.20001220703125,132.20001220703125,145.0,14.589474326685854,6.957895379317434,Banana -> Gasoline -> Iodine -> Donut -> Addy -> Horse semen -> Battery -> Addy -> Megabean -> Energy drink -> Megabean -> Iodine -> Motor oil -> Viagra -> Cuke -> Donut -> Chili -> Mouthwash -> Iodine,"ANTI_GRAVITY, ATHLETIC, BALDING, BRIGHT_EYED, CYCLOPEAN, ELECTRIFYING, ENERGIZING, GINGERITIS, GLOWING, JENNERISING, LONG_FACED, PARANOIA, SEDATING, SEIZURE_INDUCING, SLIPPERY, SMELLY, SPICY, THOUGHT_PROVOKING, TROPIC_THUNDER, ZOMBIFYING"
247,277.20001220703125,143.20001220703125,134.0,14.589474326685854,7.536842747738487,Megabean -> Motor oil -> Banana -> Flu-meds -> Cuke -> Gasoline -> Battery -> Cuke -> Iodine -> Horse semen -> Addy -> Megabean -> Motor oil -> Viagra -> Cuke -> Donut -> Chili -> Mouthwash -> Iodine,"ANTI_GRAVITY, ATHLETIC, BALDING, BRIGHT_EYED, CYCLOPEAN, ELECTRIFYING, ENERGIZING, GINGERITIS, GLOWING, JENNERISING, LONG_FACED, PARANOIA, SCHIZOPHRENIC, SEDATING, SLIPPERY, SMELLY, SPICY, THOUGHT_PROVOKING, TROPIC_THUNDER, ZOMBIFYING"
248,277.20001220703125,146.20001220703125,131.0,14.589474326685854,7.6947374845805925,Banana -> Gasoline -> Cuke -> Donut -> Addy -> Battery -> Horse semen -> Chili -> Banana -> Gasoline -> Cuke -> Megabean -> Iodine -> Horse semen -> Motor oil -> Cuke -> Donut -> Mouthwash -> Iodine,"ANTI_GRAVITY, ATHLETIC, BALDING, BRIGHT_EYED, CYCLOPEAN, ELECTRIFYING, ENERGIZING, GINGERITIS, GLOWING, JENNERISING, LAXATIVE, LONG_FACED, SCHIZOPHRENIC, SEDATING, SLIPPERY, SMELLY, SPICY, THOUGHT_PROVOKING, TROPIC_THUNDER, ZOMBIFYING"
249,277.20001220703125,142.20001220703125,135.0,14.589474326685854,7.484211168791118,Cuke -> Donut -> Gasoline -> Banana -> Iodine -> Gasoline -> Megabean -> Cuke -> Addy -> Battery -> Megabean -> Iodine -> Horse semen -> Motor oil -> Cuke -> Donut -> Chili -> Mouthwash -> Iodine,"ANTI_GRAVITY, ATHLETIC, BALDING, BRIGHT_EYED, CYCLOPEAN, DISORIENTING, ELECTRIFYING, ENERGIZING, GINGERITIS, GLOWING, JENNERISING, LONG_FACED, SCHIZOPHRENIC, SEDATING, SLIPPERY, SMELLY, SPICY, THOUGHT_PROVOKING, TROPIC_THUNDER, ZOMBIFYING"
250,277.20001220703125,138.20001220703125,139.0,14.589474326685854,7.273684853001645,Horse semen -> Chili -> Gasoline -> Banana -> Megabean -> Gasoline -> Cuke -> Energy drink -> Battery -> Megabean -> Iodine -> Horse semen -> Chili -> Motor oil -> Viagra -> Cuke -> Donut -> Mouthwash -> Iodine,"ANTI_GRAVITY, ATHLETIC, BALDING, BRIGHT_EYED, CYCLOPEAN, ELECTRIFYING, ENERGIZING, GINGERITIS, GLOWING, JENNERISING, LAXATIVE, LONG_FACED, PARANOIA, SEDATING, SLIPPERY, SMELLY, SPICY, THOUGHT_PROVOKING, TROPIC_THUNDER, ZOMBIFYING"
251,277.20001220703125,146.20001220703125,131.0,14.589474326685854,7.6947374845805925,Chili -> Gasoline -> Banana -> Cuke -> Gasoline -> Battery -> Cuke -> Megabean -> Iodine -> Addy -> Horse semen -> Donut -> Megabean -> Motor oil -> Viagra -> Cuke -> Donut -> Mouthwash -> Iodine,"ANTI_GRAVITY, ATHLETIC, BALDING, BRIGHT_EYED, CYCLOPEAN, ELECTRIFYING, ENERGIZING, GINGERITIS, GLOWING, JENNERISING, LAXATIVE, LONG_FACED, SEDATING, SLIPPERY, SMELLY, SPICY, THOUGHT_PROVOKING, TROPIC_THUNDER, ZOMBIFYING"
252,277.20001220703125,136.20001220703125,141.0,14.589474326685854,7.1684216951069075,Megabean -> Cuke -> Chili -> Gasoline -> Banana -> Battery -> Megabean -> Energy drink -> Horse semen -> Addy -> Megabean -> Iodine -> Motor oil -> Viagra -> Cuke -> Donut -> Chili -> Mouthwash -> Iodine,"ANTI_GRAVITY, ATHLETIC, BALDING, BRIGHT_EYED, CYCLOPEAN, ELECTRIFYING, ENERGIZING, GINGERITIS, GLOWING, JENNERISING, LONG_FACED, PARANOIA, SCHIZOPHRENIC, SEDATING, SEIZURE_INDUCING, SLIPPERY, SPICY, THOUGHT_PROVOKING, TROPIC_THUNDER, ZOMBIFYING"
253,277.20001220703125,143.20001220703125,134.0,14.589474326685854,7.536842747738487,Megabean -> Mouthwash -> Donut -> Cuke -> Gasoline -> Energy drink -> Chili -> Battery -> Cuke -> Addy -> Horse semen -> Megabean -> Iodine -> Motor oil -> Viagra -> Cuke -> Donut -> Mouthwash -> Iodine,"ANTI_GRAVITY, ATHLETIC, BALDING, BRIGHT_EYED, CYCLOPEAN, ELECTRIFYING, ENERGIZING, GINGERITIS, GLOWING, JENNERISING, LAXATIVE, LONG_FACED, PARANOIA, SEDATING, SEIZURE_INDUCING, SLIPPERY, SPICY, THOUGHT_PROVOKING, TROPIC_THUNDER, ZOMBIFYING"
254,277.20001220703125,138.20001220703125,139.0,14.589474326685854,7.273684853001645,Megabean -> Energy drink -> Flu-meds -> Chili -> Megabean -> Battery -> Cuke -> Mouthwash -> Donut -> Addy -> Horse semen -> Megabean -> Iodine -> Motor oil -> Viagra -> Cuke -> Donut -> Mouthwash -> Iodine,"ANTI_GRAVITY, ATHLETIC, BALDING, BRIGHT_EYED, CYCLOPEAN, ELECTRIFYING, ENERGIZING, GINGERITIS, GLOWING, JENNERISING, LAXATIVE, LONG_FACED, SEDATING, SEIZURE_INDUCING, SLIPPERY, SPICY, THOUGHT_PROVOKING, TROPIC_THUNDER, ZOMBIFYING"
255,277.20001220703125,141.20001220703125,136.0,14.589474326685854,7.43157958984375,Mouthwash -> Donut -> Addy -> Battery -> Horse semen -> Iodine -> Megabean -> Banana -> Chili -> Energy drink -> Megabean -> Chili -> Cuke -> Motor oil -> Viagra -> Cuke -> Donut -> Mouthwash -> Iodine,"ANTI_GRAVITY, ATHLETIC, BALDING, BRIGHT_EYED, CYCLOPEAN, ELECTRIFYING, ENERGIZING, GINGERITIS, GLOWING, JENNERISING, LAXATIVE, LONG_FACED, PARANOIA, SCHIZOPHRENIC, SEDATING, SLIPPERY, SPICY, THOUGHT_PROVOKING, TROPIC_THUNDER, ZOMBIFYING"
256,277.20001220703125,136.20001220703125,141.0,14.589474326685854,7.1684216951069075,Megabean -> Flu-meds -> Gasoline -> Energy drink -> Paracetamol -> Megabean -> Cuke -> Flu-meds -> Addy -> Battery -> Megabean -> Iodine -> Horse semen -> Motor oil -> Cuke -> Donut -> Chili -> Mouthwash -> Iodine,"ANTI_GRAVITY, ATHLETIC, BALDING, BRIGHT_EYED, CYCLOPEAN, DISORIENTING, ELECTRIFYING, ENERGIZING, GINGERITIS, GLOWING, JENNERISING, LONG_FACED, PARANOIA, SCHIZOPHRENIC, SEDATING, SLIPPERY, SPICY, THOUGHT_PROVOKING, TROPIC_THUNDER, ZOMBIFYING"
257,277.20001220703125,148.20001220703125,129.0,14.589474326685854,7.800000642475329,Megabean -> Energy drink -> Banana -> Chili -> Viagra -> Cuke -> Gasoline -> Megabean -> Battery -> Cuke -> Banana -> Megabean -> Iodine -> Horse semen -> Motor oil -> Cuke -> Donut -> Mouthwash -> Iodine,"ANTI_GRAVITY, ATHLETIC, BALDING, BRIGHT_EYED, CYCLOPEAN, DISORIENTING, ELECTRIFYING, ENERGIZING, GINGERITIS, GLOWING, JENNERISING, LAXATIVE, LONG_FACED, SCHIZOPHRENIC, SEDATING, SLIPPERY, SPICY, THOUGHT_PROVOKING, TROPIC_THUNDER, ZOMBIFYING"
258,277.20001220703125,139.20001220703125,138.0,14.589474326685854,7.326316431949013,Megabean -> Energy drink -> Megabean -> Flu-meds -> Energy drink -> Chili -> Banana -> Battery -> Viagra -> Megabean -> Cuke -> Megabean -> Iodine -> Horse semen -> Motor oil -> Cuke -> Donut -> Mouthwash -> Iodine,"ANTI_GRAVITY, ATHLETIC, BALDING, BRIGHT_EYED, CYCLOPEAN, DISORIENTING, ELECTRIFYING, ENERGIZING, GINGERITIS, GLOWING, JENNERISING, LAXATIVE, LONG_FACED, SEDATING, SLIPPERY, SPICY, THOUGHT_PROVOKING, TROPIC_THUNDER, ZOMBIFYING"
259,277.20001220703125,153.20001220703125,124.0,15.400000678168404,8.511111789279514,Banana -> Cuke -> Flu-meds -> Gasoline -> Battery -> Cuke -> Donut -> Addy -> Horse semen -> Megabean -> Iodine -> Motor oil -> Viagra -> Cuke -> Donut -> Chili -> Mouthwash -> Iodine,"ANTI_GRAVITY, ATHLETIC, BALDING, BRIGHT_EYED, CYCLOPEAN, ELECTRIFYING, ENERGIZING, GINGERITIS, GLOWING, JENNERISING, LONG_FACED, SEDATING, SEIZURE_INDUCING, SLIPPERY, SMELLY, SPICY, THOUGHT_PROVOKING, TROPIC_THUNDER, ZOMBIFYING"
260,277.20001220703125,137.20001220703125,140.0,15.400000678168404,7.622222900390625,Megabean -> Addy -> Megabean -> Iodine -> Flu-meds -> Gasoline -> Battery -> Cuke -> Horse semen -> Addy -> Megabean -> Motor oil -> Viagra -> Cuke -> Donut -> Chili -> Mouthwash -> Iodine,"ANTI_GRAVITY, ATHLETIC, BALDING, BRIGHT_EYED, CYCLOPEAN, ELECTRIFYING, ENERGIZING, GINGERITIS, GLOWING, JENNERISING, LONG_FACED, SCHIZOPHRENIC, SEDATING, SLIPPERY, SMELLY, SPICY, THOUGHT_PROVOKING, TROPIC_THUNDER, ZOMBIFYING"
261,277.20001220703125,145.20001220703125,132.0,15.400000678168404,8.06666734483507,Horse semen -> Chili -> Gasoline -> Banana -> Gasoline -> Cuke -> Energy drink -> Battery -> Megabean -> Iodine -> Horse semen -> Motor oil -> Viagra -> Cuke -> Donut -> Chili -> Mouthwash -> Iodine,"ANTI_GRAVITY, ATHLETIC, BALDING, BRIGHT_EYED, CYCLOPEAN, ELECTRIFYING, ENERGIZING, GINGERITIS, GLOWING, JENNERISING, LONG_FACED, PARANOIA, SEDATING, SLIPPERY, SMELLY, SPICY, THOUGHT_PROVOKING, TROPIC_THUNDER, ZOMBIFYING"
262,277.20001220703125,139.20001220703125,138.0,15.400000678168404,7.733334011501736,Megabean -> Chili -> Energy drink -> Megabean -> Horse semen -> Banana -> Battery -> Cuke -> Gasoline -> Paracetamol -> Megabean -> Iodine -> Motor oil -> Horse semen -> Donut -> Chili -> Mouthwash -> Iodine,"ANTI_GRAVITY, ATHLETIC, BALDING, BRIGHT_EYED, CYCLOPEAN, DISORIENTING, ELECTRIFYING, ENERGIZING, GINGERITIS, GLOWING, JENNERISING, LONG_FACED, SEDATING, SLIPPERY, SMELLY, SPICY, THOUGHT_PROVOKING, TROPIC_THUNDER, ZOMBIFYING"
263,277.20001220703125,143.20001220703125,134.0,15.400000678168404,7.955556233723958,Cuke -> Gasoline -> Battery -> Cuke -> Iodine -> Horse semen -> Donut -> Addy -> Megabean -> Horse semen -> Iodine -> Motor oil -> Viagra -> Cuke -> Donut -> Chili -> Mouthwash -> Iodine,"ANTI_GRAVITY, ATHLETIC, BALDING, BRIGHT_EYED, CYCLOPEAN, ELECTRIFYING, ENERGIZING, GINGERITIS, GLOWING, JENNERISING, LONG_FACED, SCHIZOPHRENIC, SEDATING, SEIZURE_INDUCING, SLIPPERY, SPICY, THOUGHT_PROVOKING, TROPIC_THUNDER, ZOMBIFYING"
264,277.20001220703125,141.20001220703125,136.0,15.400000678168404,7.844445122612847,Donut -> Banana -> Viagra -> Addy -> Horse semen -> Battery -> Addy -> Megabean -> Energy drink -> Megabean -> Iodine -> Motor oil -> Viagra -> Cuke -> Donut -> Chili -> Mouthwash -> Iodine,"ANTI_GRAVITY, ATHLETIC, BALDING, BRIGHT_EYED, CYCLOPEAN, ELECTRIFYING, ENERGIZING, GINGERITIS, GLOWING, JENNERISING, LONG_FACED, PARANOIA, SEDATING, SEIZURE_INDUCING, SLIPPERY, SPICY, THOUGHT_PROVOKING, TROPIC_THUNDER, ZOMBIFYING"
265,277.20001220703125,147.20001220703125,130.0,15.400000678168404,8.17777845594618,Megabean -> Cuke -> Gasoline -> Energy drink -> Horse semen -> Addy -> Battery -> Horse semen -> Banana -> Megabean -> Cuke -> Motor oil -> Viagra -> Cuke -> Donut -> Chili -> Mouthwash -> Iodine,"ANTI_GRAVITY, ATHLETIC, BALDING, BRIGHT_EYED, CYCLOPEAN, ELECTRIFYING, ENERGIZING, GINGERITIS, GLOWING, JENNERISING, LONG_FACED, PARANOIA, SCHIZOPHRENIC, SEDATING, SLIPPERY, SPICY, THOUGHT_PROVOKING, TROPIC_THUNDER, ZOMBIFYING"
266,277.20001220703125,151.20001220703125,126.0,15.400000678168404,8.400000678168404,Banana -> Gasoline -> Megabean -> Chili -> Cuke -> Gasoline -> Battery -> Cuke -> Horse semen -> Banana -> Megabean -> Iodine -> Horse semen -> Motor oil -> Cuke -> Donut -> Mouthwash -> Iodine,"ANTI_GRAVITY, ATHLETIC, BALDING, BRIGHT_EYED, CYCLOPEAN, ELECTRIFYING, ENERGIZING, GINGERITIS, GLOWING, JENNERISING, LAXATIVE, LONG_FACED, SCHIZOPHRENIC, SEDATING, SLIPPERY, SPICY, THOUGHT_PROVOKING, TROPIC_THUNDER, ZOMBIFYING"
267,277.20001220703125,148.20001220703125,129.0,15.400000678168404,8.233334011501736,Megabean -> Cuke -> Gasoline -> Energy drink -> Horse semen -> Banana -> Battery -> Viagra -> Megabean -> Iodine -> Horse semen -> Cuke -> Motor oil -> Cuke -> Donut -> Chili -> Mouthwash -> Iodine,"ANTI_GRAVITY, ATHLETIC, BALDING, BRIGHT_EYED, CYCLOPEAN, DISORIENTING, ELECTRIFYING, ENERGIZING, GINGERITIS, GLOWING, JENNERISING, LONG_FACED, SCHIZOPHRENIC, SEDATING, SLIPPERY, SPICY, THOUGHT_PROVOKING, TROPIC_THUNDER, ZOMBIFYING"
268,277.20001220703125,148.20001220703125,129.0,15.400000678168404,8.233334011501736,Cuke -> Chili -> Viagra -> Gasoline -> Battery -> Cuke -> Megabean -> Horse semen -> Motor oil -> Banana -> Megabean -> Iodine -> Horse semen -> Motor oil -> Cuke -> Donut -> Mouthwash -> Iodine,"ANTI_GRAVITY, ATHLETIC, BALDING, BRIGHT_EYED, CYCLOPEAN, ELECTRIFYING, ENERGIZING, GINGERITIS, GLOWING, JENNERISING, LAXATIVE, LONG_FACED, PARANOIA, SEDATING, SLIPPERY, SPICY, THOUGHT_PROVOKING, TROPIC_THUNDER, ZOMBIFYING"
269,277.20001220703125,142.20001220703125,135.0,15.400000678168404,7.900000678168403,Cuke -> Megabean -> Chili -> Motor oil -> Energy drink -> Horse semen -> Banana -> Battery -> Viagra -> Megabean -> Iodine -> Horse semen -> Motor oil -> Cuke -> Donut -> Chili -> Mouthwash -> Iodine,"ANTI_GRAVITY, ATHLETIC, BALDING, BRIGHT_EYED, CYCLOPEAN, DISORIENTING, ELECTRIFYING, ENERGIZING, GINGERITIS, GLOWING, JENNERISING, LONG_FACED, PARANOIA, SEDATING, SLIPPERY, SPICY, THOUGHT_PROVOKING, TROPIC_THUNDER, ZOMBIFYING"
270,277.20001220703125,155.20001220703125,122.0,15.400000678168404,8.622222900390625,Cuke -> Donut -> Chili -> Gasoline -> Banana -> Battery -> Iodine -> Addy -> Horse semen -> Cuke -> Donut -> Megabean -> Motor oil -> Viagra -> Cuke -> Donut -> Mouthwash -> Iodine,"ANTI_GRAVITY, ATHLETIC, BALDING, BRIGHT_EYED, CYCLOPEAN, ELECTRIFYING, ENERGIZING, GINGERITIS, GLOWING, JENNERISING, LAXATIVE, LONG_FACED, SEDATING, SLIPPERY, SPICY, THOUGHT_PROVOKING, TROPIC_THUNDER, ZOMBIFYING"
271,277.20001220703125,156.20001220703125,121.0,16.305883071001837,9.188236012178308,Banana -> Cuke -> Flu-meds -> Gasoline -> Battery -> Cuke -> Addy -> Horse semen -> Megabean -> Iodine -> Motor oil -> Viagra -> Cuke -> Donut -> Chili -> Mouthwash -> Iodine,"ANTI_GRAVITY, ATHLETIC, BALDING, BRIGHT_EYED, CYCLOPEAN, ELECTRIFYING, ENERGIZING, GINGERITIS, GLOWING, JENNERISING, LONG_FACED, SEDATING, SLIPPERY, SMELLY, SPICY, THOUGHT_PROVOKING, TROPIC_THUNDER, ZOMBIFYING"
272,277.20001220703125,152.20001220703125,125.0,16.305883071001837,8.95294189453125,Cuke -> Gasoline -> Battery -> Cuke -> Iodine -> Donut -> Addy -> Horse semen -> Megabean -> Iodine -> Motor oil -> Viagra -> Cuke -> Donut -> Chili -> Mouthwash -> Iodine,"ANTI_GRAVITY, ATHLETIC, BALDING, BRIGHT_EYED, CYCLOPEAN, ELECTRIFYING, ENERGIZING, GINGERITIS, GLOWING, JENNERISING, LONG_FACED, SEDATING, SEIZURE_INDUCING, SLIPPERY, SPICY, THOUGHT_PROVOKING, TROPIC_THUNDER, ZOMBIFYING"
273,277.20001220703125,156.20001220703125,121.0,16.305883071001837,9.188236012178308,Donut -> Addy -> Battery -> Horse semen -> Megabean -> Banana -> Viagra -> Energy drink -> Megabean -> Viagra -> Cuke -> Motor oil -> Cuke -> Donut -> Chili -> Mouthwash -> Iodine,"ANTI_GRAVITY, ATHLETIC, BALDING, BRIGHT_EYED, CYCLOPEAN, ELECTRIFYING, ENERGIZING, GINGERITIS, GLOWING, JENNERISING, LONG_FACED, SCHIZOPHRENIC, SEDATING, SLIPPERY, SPICY, THOUGHT_PROVOKING, TROPIC_THUNDER, ZOMBIFYING"
274,277.20001220703125,149.20001220703125,128.0,16.305883071001837,8.776471306295957,Donut -> Horse semen -> Addy -> Battery -> Horse semen -> Motor oil -> Megabean -> Banana -> Viagra -> Energy drink -> Megabean -> Viagra -> Cuke -> Donut -> Chili -> Mouthwash -> Iodine,"ANTI_GRAVITY, ATHLETIC, BALDING, BRIGHT_EYED, CYCLOPEAN, ELECTRIFYING, ENERGIZING, GINGERITIS, GLOWING, JENNERISING, LONG_FACED, PARANOIA, SEDATING, SLIPPERY, SPICY, THOUGHT_PROVOKING, TROPIC_THUNDER, ZOMBIFYING"
275,277.20001220703125,150.20001220703125,127.0,16.305883071001837,8.835294835707721,Megabean -> Cuke -> Gasoline -> Energy drink -> Horse semen -> Banana -> Battery -> Viagra -> Megabean -> Iodine -> Horse semen -> Motor oil -> Cuke -> Donut -> Chili -> Mouthwash -> Iodine,"ANTI_GRAVITY, ATHLETIC, BALDING, BRIGHT_EYED, CYCLOPEAN, DISORIENTING, ELECTRIFYING, ENERGIZING, GINGERITIS, GLOWING, JENNERISING, LONG_FACED, SEDATING, SLIPPERY, SPICY, THOUGHT_PROVOKING, TROPIC_THUNDER, ZOMBIFYING"
276,277.20001220703125,156.20001220703125,121.0,17.325000762939453,9.762500762939453,Megabean -> Cuke -> Horse semen -> Gasoline -> Banana -> Battery -> Megabean -> Iodine -> Horse semen -> Motor oil -> Viagra -> Cuke -> Donut -> Chili -> Mouthwash -> Iodine,"ANTI_GRAVITY, ATHLETIC, BALDING, BRIGHT_EYED, CYCLOPEAN, ELECTRIFYING, ENERGIZING, GINGERITIS, GLOWING, JENNERISING, LONG_FACED, SEDATING, SLIPPERY, SPICY, THOUGHT_PROVOKING, TROPIC_THUNDER, ZOMBIFYING"
277,276.5,123.5,153.0,12.568181818181818,5.613636363636363,Donut -> Megabean -> Energy drink -> Iodine -> Addy -> Horse semen -> Battery -> Chili -> Cuke -> Energy drink -> Paracetamol -> Addy -> Motor oil -> Megabean -> Banana -> Chili -> Viagra -> Cuke -> Motor oil -> Cuke -> Motor oil -> Viagra,"ANTI_GRAVITY, BALDING, BRIGHT_EYED, CALORIE_DENSE, CYCLOPEAN, ELECTRIFYING, GINGERITIS, GLOWING, JENNERISING, LONG_FACED, SCHIZOPHRENIC, SEDATING, SEIZURE_INDUCING, SLIPPERY, SNEAKY, SPICY, THOUGHT_PROVOKING, TROPIC_THUNDER, ZOMBIFYING"
278,276.5,131.5,145.0,13.166666666666666,6.261904761904762,Gasoline -> Cuke -> Mouthwash -> Iodine -> Battery -> Addy -> Gasoline -> Horse semen -> Battery -> Addy -> Motor oil -> Cuke -> Megabean -> Banana -> Chili -> Viagra -> Cuke -> Motor oil -> Cuke -> Motor oil -> Viagra,"ANTI_GRAVITY, BALDING, BRIGHT_EYED, CALORIE_DENSE, CYCLOPEAN, ELECTRIFYING, GINGERITIS, GLOWING, JENNERISING, LONG_FACED, SCHIZOPHRENIC, SEDATING, SLIPPERY, SNEAKY, SPICY, THOUGHT_PROVOKING, TROPIC_THUNDER, ZOMBIFYING"
279,275.8000183105469,124.80001831054688,151.0,11.99130514393682,5.426087752632473,Donut -> Addy -> Donut -> Chili -> Cuke -> Iodine -> Energy drink -> Battery -> Horse semen -> Viagra -> Megabean -> Chili -> Energy drink -> Megabean -> Banana -> Banana -> Chili -> Cuke -> Motor oil -> Viagra -> Cuke -> Motor oil -> Viagra,"ANTI_GRAVITY, BALDING, BRIGHT_EYED, CALMING, CALORIE_DENSE, CYCLOPEAN, ELECTRIFYING, EXPLOSIVE, GINGERITIS, GLOWING, JENNERISING, LONG_FACED, REFRESHING, SCHIZOPHRENIC, SEIZURE_INDUCING, SLIPPERY, SNEAKY, SPICY, THOUGHT_PROVOKING, TROPIC_THUNDER, ZOMBIFYING"
280,275.8000183105469,123.80001831054688,152.0,11.99130514393682,5.382609491762907,Addy -> Donut -> Iodine -> Gasoline -> Cuke -> Iodine -> Battery -> Chili -> Gasoline -> Battery -> Cuke -> Horse semen -> Energy drink -> Megabean -> Banana -> Banana -> Chili -> Cuke -> Motor oil -> Viagra -> Cuke -> Motor oil -> Viagra,"ANTI_GRAVITY, BALDING, BRIGHT_EYED, CALMING, CALORIE_DENSE, CYCLOPEAN, ELECTRIFYING, EXPLOSIVE, GINGERITIS, GLOWING, JENNERISING, LONG_FACED, REFRESHING, SCHIZOPHRENIC, SLIPPERY, SNEAKY, SPICY, THOUGHT_PROVOKING, TROPIC_THUNDER, ZOMBIFYING"
281,275.8000183105469,128.80001831054688,147.0,13.133334205264138,6.133334205264137,Megabean -> Flu-meds -> Chili -> Energy drink -> Megabean -> Donut -> Battery -> Energy drink -> Horse semen -> Addy -> Megabean -> Horse semen -> Banana -> Chili -> Mouthwash -> Cuke -> Motor oil -> Viagra -> Cuke -> Donut -> Mouthwash,"ANTI_GRAVITY, ATHLETIC, BALDING, BRIGHT_EYED, CYCLOPEAN, ELECTRIFYING, ENERGIZING, GINGERITIS, GLOWING, LONG_FACED, PARANOIA, REFRESHING, SCHIZOPHRENIC, SEDATING, SEIZURE_INDUCING, SLIPPERY, SNEAKY, SPICY, THOUGHT_PROVOKING, TROPIC_THUNDER, ZOMBIFYING"
282,275.8000183105469,118.80001831054688,157.0,13.133334205264138,5.657143729073661,Iodine -> Megabean -> Chili -> Energy drink -> Battery -> Viagra -> Megabean -> Chili -> Energy drink -> Horse semen -> Addy -> Megabean -> Horse semen -> Banana -> Chili -> Cuke -> Motor oil -> Viagra -> Cuke -> Motor oil -> Viagra,"ANTI_GRAVITY, BALDING, BRIGHT_EYED, CALMING, CALORIE_DENSE, CYCLOPEAN, ELECTRIFYING, GINGERITIS, GLOWING, JENNERISING, LONG_FACED, REFRESHING, SCHIZOPHRENIC, SEIZURE_INDUCING, SLIPPERY, SNEAKY, SPICY, THOUGHT_PROVOKING, TROPIC_THUNDER, ZOMBIFYING"
283,275.8000183105469,140.80001831054688,135.0,13.790000915527344,7.040000915527344,Addy -> Megabean -> Flu-meds -> Gasoline -> Banana -> Battery -> Energy drink -> Horse semen -> Addy -> Megabean -> Banana -> Chili -> Viagra -> Cuke -> Mouthwash -> Viagra -> Motor oil -> Cuke -> Donut -> Mouthwash,"ANTI_GRAVITY, ATHLETIC, BALDING, BRIGHT_EYED, CYCLOPEAN, ELECTRIFYING, ENERGIZING, GINGERITIS, GLOWING, LONG_FACED, REFRESHING, SCHIZOPHRENIC, SEDATING, SEIZURE_INDUCING, SLIPPERY, SNEAKY, SPICY, THOUGHT_PROVOKING, TROPIC_THUNDER, ZOMBIFYING"
284,275.8000183105469,153.80001831054688,122.0,13.790000915527344,7.690000915527344,Gasoline -> Cuke -> Donut -> Gasoline -> Energy drink -> Battery -> Cuke -> Banana -> Horse semen -> Addy -> Megabean -> Banana -> Chili -> Mouthwash -> Cuke -> Motor oil -> Viagra -> Cuke -> Donut -> Mouthwash,"ANTI_GRAVITY, ATHLETIC, BALDING, BRIGHT_EYED, CYCLOPEAN, ELECTRIFYING, ENERGIZING, GINGERITIS, GLOWING, LONG_FACED, PARANOIA, REFRESHING, SCHIZOPHRENIC, SEDATING, SLIPPERY, SNEAKY, SPICY, THOUGHT_PROVOKING, TROPIC_THUNDER, ZOMBIFYING"
285,275.8000183105469,131.80001831054688,144.0,13.790000915527344,6.590000915527344,Iodine -> Megabean -> Chili -> Energy drink -> Battery -> Flu-meds -> Megabean -> Banana -> Energy drink -> Horse semen -> Addy -> Megabean -> Banana -> Chili -> Cuke -> Motor oil -> Viagra -> Cuke -> Motor oil -> Viagra,"ANTI_GRAVITY, BALDING, BRIGHT_EYED, CALMING, CALORIE_DENSE, CYCLOPEAN, ELECTRIFYING, GINGERITIS, GLOWING, JENNERISING, LONG_FACED, REFRESHING, SCHIZOPHRENIC, SLIPPERY, SNEAKY, SPICY, THOUGHT_PROVOKING, TROPIC_THUNDER, ZOMBIFYING"
286,275.8000183105469,144.80001831054688,131.0,14.515790437397204,7.621053595291941,Donut -> Addy -> Mouthwash -> Battery -> Flu-meds -> Megabean -> Energy drink -> Horse semen -> Addy -> Megabean -> Banana -> Chili -> Viagra -> Cuke -> Viagra -> Motor oil -> Cuke -> Donut -> Mouthwash,"ANTI_GRAVITY, ATHLETIC, BALDING, BRIGHT_EYED, CYCLOPEAN, ELECTRIFYING, ENERGIZING, GINGERITIS, GLOWING, LONG_FACED, REFRESHING, SCHIZOPHRENIC, SEDATING, SLIPPERY, SNEAKY, SPICY, THOUGHT_PROVOKING, TROPIC_THUNDER, ZOMBIFYING"
287,275.1000061035156,131.10000610351562,144.0,11.46250025431315,5.462500254313151,Mouthwash -> Horse semen -> Donut -> Cuke -> Addy -> Battery -> Megabean -> Donut -> Energy drink -> Mouthwash -> Donut -> Banana -> Paracetamol -> Horse semen -> Megabean -> Banana -> Banana -> Chili -> Cuke -> Motor oil -> Viagra -> Cuke -> Motor oil -> Viagra,"ANTI_GRAVITY, BALDING, BRIGHT_EYED, CALMING, CYCLOPEAN, ELECTRIFYING, EXPLOSIVE, GINGERITIS, GLOWING, JENNERISING, LONG_FACED, REFRESHING, SCHIZOPHRENIC, SEDATING, SLIPPERY, SNEAKY, SPICY, THOUGHT_PROVOKING, TROPIC_THUNDER, ZOMBIFYING"
288,275.1000061035156,127.10000610351562,148.0,11.960869830587637,5.526087221891983,Gasoline -> Cuke -> Donut -> Iodine -> Motor oil -> Megabean -> Addy -> Donut -> Battery -> Megabean -> Flu-meds -> Banana -> Horse semen -> Banana -> Energy drink -> Megabean -> Banana -> Chili -> Viagra -> Cuke -> Motor oil -> Cuke -> Motor oil,"ANTI_GRAVITY, ATHLETIC, BALDING, BRIGHT_EYED, CALORIE_DENSE, CYCLOPEAN, ELECTRIFYING, EXPLOSIVE, GINGERITIS, GLOWING, JENNERISING, LAXATIVE, LONG_FACED, REFRESHING, SCHIZOPHRENIC, SEIZURE_INDUCING, SLIPPERY, SPICY, THOUGHT_PROVOKING, TROPIC_THUNDER, ZOMBIFYING"
289,275.1000061035156,120.10000610351562,155.0,11.960869830587637,5.221739395805027,Donut -> Megabean -> Energy drink -> Iodine -> Addy -> Horse semen -> Battery -> Chili -> Cuke -> Energy drink -> Paracetamol -> Addy -> Motor oil -> Megabean -> Banana -> Chili -> Viagra -> Cuke -> Motor oil -> Cuke -> Motor oil -> Viagra -> Cuke,"ANTI_GRAVITY, ATHLETIC, BALDING, BRIGHT_EYED, CALORIE_DENSE, CYCLOPEAN, ELECTRIFYING, ENERGIZING, GINGERITIS, GLOWING, JENNERISING, LONG_FACED, PARANOIA, SCHIZOPHRENIC, SEDATING, SEIZURE_INDUCING, SPICY, THOUGHT_PROVOKING, TROPIC_THUNDER, ZOMBIFYING"
290,275.1000061035156,126.10000610351562,149.0,12.504545731977982,5.73181845925071,Donut -> Horse semen -> Addy -> Megabean -> Energy drink -> Addy -> Donut -> Battery -> Motor oil -> Viagra -> Cuke -> Energy drink -> Horse semen -> Megabean -> Banana -> Banana -> Chili -> Viagra -> Cuke -> Motor oil -> Cuke -> Motor oil,"ANTI_GRAVITY, ATHLETIC, BALDING, BRIGHT_EYED, CALORIE_DENSE, CYCLOPEAN, ELECTRIFYING, EXPLOSIVE, GINGERITIS, GLOWING, JENNERISING, LAXATIVE, LONG_FACED, REFRESHING, SCHIZOPHRENIC, SLIPPERY, SPICY, THOUGHT_PROVOKING, TROPIC_THUNDER, ZOMBIFYING"
291,275.1000061035156,128.10000610351562,147.0,12.504545731977982,5.822727550159801,Gasoline -> Cuke -> Mouthwash -> Iodine -> Battery -> Addy -> Gasoline -> Horse semen -> Battery -> Addy -> Motor oil -> Cuke -> Megabean -> Banana -> Chili -> Viagra -> Cuke -> Motor oil -> Cuke -> Motor oil -> Viagra -> Cuke,"ANTI_GRAVITY, ATHLETIC, BALDING, BRIGHT_EYED, CALORIE_DENSE, CYCLOPEAN, ELECTRIFYING, ENERGIZING, GINGERITIS, GLOWING, JENNERISING, LONG_FACED, PARANOIA, SCHIZOPHRENIC, SEDATING, SPICY, THOUGHT_PROVOKING, TROPIC_THUNDER, ZOMBIFYING"
292,275.1000061035156,131.10000610351562,144.0,13.100000290643601,6.242857433500744,Cuke -> Iodine -> Motor oil -> Megabean -> Banana -> Gasoline -> Cuke -> Donut -> Horse semen -> Addy -> Donut -> Battery -> Horse semen -> Banana -> Energy drink -> Megabean -> Horse semen -> Banana -> Cuke -> Chili -> Motor oil,"ANTI_GRAVITY, ATHLETIC, BALDING, BRIGHT_EYED, CALORIE_DENSE, CYCLOPEAN, ELECTRIFYING, EXPLOSIVE, GINGERITIS, GLOWING, JENNERISING, LONG_FACED, REFRESHING, SCHIZOPHRENIC, SEIZURE_INDUCING, SLIPPERY, SPICY, THOUGHT_PROVOKING, TROPIC_THUNDER, ZOMBIFYING"
293,275.1000061035156,141.10000610351562,134.0,13.75500030517578,7.055000305175781,Cuke -> Megabean -> Chili -> Energy drink -> Addy -> Donut -> Battery -> Chili -> Viagra -> Cuke -> Horse semen -> Banana -> Energy drink -> Megabean -> Banana -> Chili -> Mouthwash -> Cuke -> Motor oil -> Viagra,"ANTI_GRAVITY, BALDING, BRIGHT_EYED, CALMING, CYCLOPEAN, ELECTRIFYING, GINGERITIS, GLOWING, JENNERISING, LONG_FACED, REFRESHING, SCHIZOPHRENIC, SEDATING, SEIZURE_INDUCING, SLIPPERY, SNEAKY, SPICY, THOUGHT_PROVOKING, TROPIC_THUNDER, ZOMBIFYING"
294,275.1000061035156,124.10000610351562,151.0,13.75500030517578,6.205000305175782,Iodine -> Megabean -> Chili -> Energy drink -> Battery -> Viagra -> Megabean -> Flu-meds -> Energy drink -> Horse semen -> Addy -> Megabean -> Horse semen -> Banana -> Chili -> Viagra -> Cuke -> Motor oil -> Cuke -> Motor oil,"ANTI_GRAVITY, ATHLETIC, BALDING, BRIGHT_EYED, CALORIE_DENSE, CYCLOPEAN, ELECTRIFYING, GINGERITIS, GLOWING, JENNERISING, LAXATIVE, LONG_FACED, REFRESHING, SCHIZOPHRENIC, SEIZURE_INDUCING, SLIPPERY, SPICY, THOUGHT_PROVOKING, TROPIC_THUNDER, ZOMBIFYING"
295,275.1000061035156,132.10000610351562,143.0,13.75500030517578,6.605000305175781,Donut -> Megabean -> Energy drink -> Iodine -> Addy -> Horse semen -> Battery -> Chili -> Cuke -> Energy drink -> Paracetamol -> Addy -> Motor oil -> Megabean -> Banana -> Chili -> Viagra -> Cuke -> Motor oil -> Cuke,"ANTI_GRAVITY, ATHLETIC, BALDING, BRIGHT_EYED, CALORIE_DENSE, CYCLOPEAN, ELECTRIFYING, ENERGIZING, GINGERITIS, GLOWING, JENNERISING, LONG_FACED, SCHIZOPHRENIC, SEDATING, SEIZURE_INDUCING, SPICY, THOUGHT_PROVOKING, TROPIC_THUNDER, ZOMBIFYING"
296,275.1000061035156,148.10000610351562,127.0,14.478947689658717,7.794737163342927,Mouthwash -> Gasoline -> Chili -> Donut -> Cuke -> Addy -> Donut -> Battery -> Horse semen -> Megabean -> Energy drink -> Megabean -> Banana -> Banana -> Chili -> Mouthwash -> Cuke -> Motor oil -> Viagra,"ANTI_GRAVITY, BALDING, BRIGHT_EYED, CALMING, CYCLOPEAN, ELECTRIFYING, GINGERITIS, GLOWING, JENNERISING, LONG_FACED, REFRESHING, SCHIZOPHRENIC, SEDATING, SLIPPERY, SNEAKY, SPICY, THOUGHT_PROVOKING, TROPIC_THUNDER, ZOMBIFYING"
297,275.1000061035156,135.10000610351562,140.0,14.478947689658717,7.110526637027138,Iodine -> Megabean -> Chili -> Energy drink -> Battery -> Flu-meds -> Megabean -> Banana -> Energy drink -> Horse semen -> Addy -> Megabean -> Banana -> Chili -> Viagra -> Cuke -> Motor oil -> Cuke -> Motor oil,"ANTI_GRAVITY, ATHLETIC, BALDING, BRIGHT_EYED, CALORIE_DENSE, CYCLOPEAN, ELECTRIFYING, GINGERITIS, GLOWING, JENNERISING, LAXATIVE, LONG_FACED, REFRESHING, SCHIZOPHRENIC, SLIPPERY, SPICY, THOUGHT_PROVOKING, TROPIC_THUNDER, ZOMBIFYING"
298,275.1000061035156,145.10000610351562,130.0,14.478947689658717,7.636842426500823,Mouthwash -> Horse semen -> Chili -> Addy -> Gasoline -> Donut -> Cuke -> Motor oil -> Energy drink -> Battery -> Viagra -> Cuke -> Megabean -> Banana -> Horse semen -> Banana -> Cuke -> Chili -> Motor oil,"ANTI_GRAVITY, ATHLETIC, BALDING, BRIGHT_EYED, CALORIE_DENSE, CYCLOPEAN, ELECTRIFYING, EXPLOSIVE, GINGERITIS, GLOWING, JENNERISING, LONG_FACED, REFRESHING, SCHIZOPHRENIC, SLIPPERY, SPICY, THOUGHT_PROVOKING, TROPIC_THUNDER, ZOMBIFYING"
299,275.1000061035156,140.10000610351562,135.0,14.478947689658717,7.37368453176398,Gasoline -> Cuke -> Mouthwash -> Iodine -> Battery -> Addy -> Gasoline -> Horse semen -> Battery -> Addy -> Motor oil -> Cuke -> Megabean -> Banana -> Chili -> Viagra -> Cuke -> Motor oil -> Cuke,"ANTI_GRAVITY, ATHLETIC, BALDING, BRIGHT_EYED, CALORIE_DENSE, CYCLOPEAN, ELECTRIFYING, ENERGIZING, GINGERITIS, GLOWING, JENNERISING, LONG_FACED, SCHIZOPHRENIC, SEDATING, SPICY, THOUGHT_PROVOKING, TROPIC_THUNDER, ZOMBIFYING"
300,275.1000061035156,137.10000610351562,138.0,15.283333672417534,7.616667005750868,Donut -> Gasoline -> Banana -> Megabean -> Gasoline -> Energy drink -> Iodine -> Addy -> Horse semen -> Mouthwash -> Battery -> Addy -> Megabean -> Horse semen -> Banana -> Cuke -> Chili -> Motor oil,"ANTI_GRAVITY, ATHLETIC, BALDING, BRIGHT_EYED, CALORIE_DENSE, CYCLOPEAN, ELECTRIFYING, GINGERITIS, GLOWING, JENNERISING, LONG_FACED, REFRESHING, SCHIZOPHRENIC, SEIZURE_INDUCING, SLIPPERY, SPICY, THOUGHT_PROVOKING, TROPIC_THUNDER, ZOMBIFYING"
301,275.1000061035156,135.10000610351562,140.0,16.182353300206803,7.947059182559743,Iodine -> Megabean -> Energy drink -> Donut -> Iodine -> Motor oil -> Addy -> Horse semen -> Mouthwash -> Battery -> Addy -> Megabean -> Horse semen -> Banana -> Cuke -> Chili -> Motor oil,"ANTI_GRAVITY, ATHLETIC, BALDING, BRIGHT_EYED, CALORIE_DENSE, CYCLOPEAN, ELECTRIFYING, GINGERITIS, GLOWING, JENNERISING, LONG_FACED, REFRESHING, SCHIZOPHRENIC, SLIPPERY, SPICY, THOUGHT_PROVOKING, TROPIC_THUNDER, ZOMBIFYING"
302,274.3999938964844,121.39999389648438,153.0,11.433333079020182,5.058333079020183,Donut -> Addy -> Donut -> Chili -> Cuke -> Iodine -> Energy drink -> Battery -> Horse semen -> Viagra -> Megabean -> Chili -> Energy drink -> Megabean -> Banana -> Banana -> Chili -> Cuke -> Motor oil -> Viagra -> Cuke -> Motor oil -> Viagra -> Cuke,"ANTI_GRAVITY, ATHLETIC, BALDING, BRIGHT_EYED, CALMING, CALORIE_DENSE, CYCLOPEAN, ELECTRIFYING, ENERGIZING, EXPLOSIVE, GINGERITIS, GLOWING, JENNERISING, LONG_FACED, PARANOIA, REFRESHING, SCHIZOPHRENIC, SEIZURE_INDUCING, SPICY, THOUGHT_PROVOKING, TROPIC_THUNDER, ZOMBIFYING"
303,274.3999938964844,120.39999389648438,154.0,11.433333079020182,5.016666412353516,Addy -> Donut -> Iodine -> Gasoline -> Cuke -> Iodine -> Battery -> Chili -> Gasoline -> Battery -> Cuke -> Horse semen -> Energy drink -> Megabean -> Banana -> Banana -> Chili -> Cuke -> Motor oil -> Viagra -> Cuke -> Motor oil -> Viagra -> Cuke,"ANTI_GRAVITY, ATHLETIC, BALDING, BRIGHT_EYED, CALMING, CALORIE_DENSE, CYCLOPEAN, ELECTRIFYING, ENERGIZING, EXPLOSIVE, GINGERITIS, GLOWING, JENNERISING, LONG_FACED, PARANOIA, REFRESHING, SCHIZOPHRENIC, SPICY, THOUGHT_PROVOKING, TROPIC_THUNDER, ZOMBIFYING"
304,274.3999938964844,124.39999389648438,150.0,12.472726995294744,5.654545177112926,Donut -> Addy -> Donut -> Iodine -> Gasoline -> Flu-meds -> Cuke -> Chili -> Gasoline -> Battery -> Cuke -> Addy -> Megabean -> Horse semen -> Iodine -> Donut -> Motor oil -> Cuke -> Donut -> Iodine -> Viagra -> Mouthwash,"ANTI_GRAVITY, BALDING, BRIGHT_EYED, CYCLOPEAN, ELECTRIFYING, ENERGIZING, GINGERITIS, GLOWING, JENNERISING, LONG_FACED, PARANOIA, SCHIZOPHRENIC, SEDATING, SEIZURE_INDUCING, SLIPPERY, SMELLY, SNEAKY, SPICY, THOUGHT_PROVOKING, TOXIC, TROPIC_THUNDER, ZOMBIFYING"
305,274.3999938964844,122.39999389648438,152.0,12.472726995294744,5.563636086203835,Donut -> Addy -> Horse semen -> Iodine -> Donut -> Cuke -> Chili -> Gasoline -> Battery -> Cuke -> Addy -> Megabean -> Horse semen -> Iodine -> Motor oil -> Cuke -> Mouthwash -> Viagra -> Cuke -> Donut -> Mouthwash -> Iodine,"ANTI_GRAVITY, BALDING, BRIGHT_EYED, CYCLOPEAN, ELECTRIFYING, ENERGIZING, GINGERITIS, GLOWING, JENNERISING, LAXATIVE, LONG_FACED, PARANOIA, SCHIZOPHRENIC, SEDATING, SEIZURE_INDUCING, SLIPPERY, SMELLY, SNEAKY, SPICY, THOUGHT_PROVOKING, TROPIC_THUNDER, ZOMBIFYING"
306,274.3999938964844,115.39999389648438,159.0,12.472726995294744,5.245454268022017,Iodine -> Megabean -> Chili -> Energy drink -> Battery -> Viagra -> Megabean -> Chili -> Energy drink -> Horse semen -> Addy -> Megabean -> Horse semen -> Banana -> Chili -> Cuke -> Motor oil -> Viagra -> Cuke -> Motor oil -> Viagra -> Cuke,"ANTI_GRAVITY, ATHLETIC, BALDING, BRIGHT_EYED, CALMING, CALORIE_DENSE, CYCLOPEAN, ELECTRIFYING, ENERGIZING, GINGERITIS, GLOWING, JENNERISING, LONG_FACED, PARANOIA, REFRESHING, SCHIZOPHRENIC, SEIZURE_INDUCING, SPICY, THOUGHT_PROVOKING, TROPIC_THUNDER, ZOMBIFYING"
307,274.3999938964844,131.39999389648438,143.0,12.472726995294744,5.972726995294744,Donut -> Addy -> Donut -> Chili -> Cuke -> Iodine -> Energy drink -> Battery -> Horse semen -> Viagra -> Megabean -> Chili -> Energy drink -> Megabean -> Banana -> Banana -> Chili -> Cuke -> Viagra -> Cuke -> Motor oil -> Cuke,"ANTI_GRAVITY, ATHLETIC, BALDING, BRIGHT_EYED, CALMING, CALORIE_DENSE, CYCLOPEAN, ELECTRIFYING, ENERGIZING, EXPLOSIVE, GINGERITIS, GLOWING, JENNERISING, LONG_FACED, REFRESHING, SCHIZOPHRENIC, SEIZURE_INDUCING, SPICY, THOUGHT_PROVOKING, TROPIC_THUNDER, ZOMBIFYING"
308,274.3999938964844,127.39999389648438,147.0,12.472726995294744,5.7909088134765625,Donut -> Horse semen -> Addy -> Megabean -> Energy drink -> Addy -> Donut -> Battery -> Motor oil -> Viagra -> Cuke -> Energy drink -> Horse semen -> Megabean -> Banana -> Banana -> Chili -> Viagra -> Cuke -> Viagra -> Motor oil -> Cuke,"ANTI_GRAVITY, ATHLETIC, BALDING, BRIGHT_EYED, CALMING, CALORIE_DENSE, CYCLOPEAN, ELECTRIFYING, ENERGIZING, EXPLOSIVE, GINGERITIS, GLOWING, JENNERISING, LONG_FACED, REFRESHING, SCHIZOPHRENIC, SPICY, THOUGHT_PROVOKING, TROPIC_THUNDER, ZOMBIFYING"
309,274.3999938964844,118.39999389648438,156.0,13.066666376023065,5.638094947451637,Banana -> Gasoline -> Megabean -> Iodine -> Addy -> Horse semen -> Donut -> Motor oil -> Megabean -> Cuke -> Flu-meds -> Battery -> Megabean -> Energy drink -> Addy -> Megabean -> Donut -> Chili -> Mouthwash -> Iodine -> Viagra,"ANTI_GRAVITY, BALDING, BRIGHT_EYED, CYCLOPEAN, ELECTRIFYING, ENERGIZING, GINGERITIS, GLOWING, JENNERISING, LONG_FACED, PARANOIA, SEDATING, SEIZURE_INDUCING, SLIPPERY, SMELLY, SNEAKY, SPICY, THOUGHT_PROVOKING, TOXIC, TROPIC_THUNDER, ZOMBIFYING"
310,274.3999938964844,125.39999389648438,149.0,13.066666376023065,5.97142828078497,Addy -> Megabean -> Banana -> Gasoline -> Flu-meds -> Chili -> Energy drink -> Donut -> Battery -> Chili -> Cuke -> Addy -> Horse semen -> Mouthwash -> Megabean -> Iodine -> Viagra -> Cuke -> Donut -> Mouthwash -> Iodine,"ANTI_GRAVITY, BALDING, BRIGHT_EYED, CYCLOPEAN, ELECTRIFYING, ENERGIZING, GINGERITIS, GLOWING, JENNERISING, LAXATIVE, LONG_FACED, PARANOIA, SEDATING, SEIZURE_INDUCING, SLIPPERY, SMELLY, SNEAKY, SPICY, THOUGHT_PROVOKING, TROPIC_THUNDER, ZOMBIFYING"
311,274.3999938964844,125.39999389648438,149.0,13.066666376023065,5.97142828078497,Donut -> Megabean -> Addy -> Megabean -> Horse semen -> Iodine -> Flu-meds -> Gasoline -> Battery -> Cuke -> Addy -> Megabean -> Chili -> Motor oil -> Cuke -> Mouthwash -> Viagra -> Cuke -> Donut -> Mouthwash -> Iodine,"ANTI_GRAVITY, BALDING, BRIGHT_EYED, CYCLOPEAN, ELECTRIFYING, ENERGIZING, GINGERITIS, GLOWING, JENNERISING, LAXATIVE, LONG_FACED, PARANOIA, SCHIZOPHRENIC, SEDATING, SLIPPERY, SMELLY, SNEAKY, SPICY, THOUGHT_PROVOKING, TROPIC_THUNDER, ZOMBIFYING"
312,274.3999938964844,131.39999389648438,143.0,13.066666376023065,6.257142566499256,Cuke -> Gasoline -> Iodine -> Cuke -> Donut -> Motor oil -> Gasoline -> Cuke -> Paracetamol -> Megabean -> Cuke -> Addy -> Battery -> Megabean -> Flu-meds -> Iodine -> Horse semen -> Chili -> Donut -> Mouthwash -> Iodine,"ANTI_GRAVITY, BALDING, BRIGHT_EYED, CYCLOPEAN, DISORIENTING, ELECTRIFYING, ENERGIZING, GINGERITIS, GLOWING, JENNERISING, LONG_FACED, PARANOIA, SCHIZOPHRENIC, SEDATING, SLIPPERY, SMELLY, SNEAKY, SPICY, THOUGHT_PROVOKING, TROPIC_THUNDER, ZOMBIFYING"
313,274.3999938964844,128.39999389648438,146.0,13.066666376023065,6.114285423642113,Megabean -> Energy drink -> Banana -> Chili -> Viagra -> Cuke -> Flu-meds -> Gasoline -> Battery -> Cuke -> Donut -> Addy -> Megabean -> Megabean -> Mouthwash -> Iodine -> Motor oil -> Horse semen -> Donut -> Mouthwash -> Iodine,"ANTI_GRAVITY, BALDING, BRIGHT_EYED, CYCLOPEAN, DISORIENTING, ELECTRIFYING, ENERGIZING, GINGERITIS, GLOWING, JENNERISING, LAXATIVE, LONG_FACED, SEDATING, SLIPPERY, SMELLY, SNEAKY, SPICY, THOUGHT_PROVOKING, TROPIC_THUNDER, ZOMBIFYING"
314,274.3999938964844,123.39999389648438,151.0,13.066666376023065,5.876190185546875,Megabean -> Energy drink -> Iodine -> Flu-meds -> Chili -> Megabean -> Battery -> Cuke -> Mouthwash -> Donut -> Motor oil -> Addy -> Horse semen -> Mouthwash -> Megabean -> Iodine -> Viagra -> Cuke -> Donut -> Mouthwash -> Iodine,"ANTI_GRAVITY, BALDING, BRIGHT_EYED, CYCLOPEAN, ELECTRIFYING, ENERGIZING, GINGERITIS, GLOWING, JENNERISING, LAXATIVE, LONG_FACED, PARANOIA, SCHIZOPHRENIC, SEDATING, SEIZURE_INDUCING, SLIPPERY, SNEAKY, SPICY, THOUGHT_PROVOKING, TROPIC_THUNDER, ZOMBIFYING"
315,274.3999938964844,128.39999389648438,146.0,13.066666376023065,6.114285423642113,Iodine -> Megabean -> Chili -> Energy drink -> Battery -> Flu-meds -> Megabean -> Banana -> Energy drink -> Horse semen -> Addy -> Megabean -> Banana -> Chili -> Cuke -> Motor oil -> Viagra -> Cuke -> Motor oil -> Viagra -> Cuke,"ANTI_GRAVITY, ATHLETIC, BALDING, BRIGHT_EYED, CALMING, CALORIE_DENSE, CYCLOPEAN, ELECTRIFYING, ENERGIZING, GINGERITIS, GLOWING, JENNERISING, LONG_FACED, PARANOIA, REFRESHING, SCHIZOPHRENIC, SPICY, THOUGHT_PROVOKING, TROPIC_THUNDER, ZOMBIFYING"
316,274.3999938964844,128.39999389648438,146.0,13.719999694824219,6.419999694824218,Donut -> Addy -> Horse semen -> Iodine -> Donut -> Cuke -> Chili -> Gasoline -> Battery -> Cuke -> Addy -> Megabean -> Horse semen -> Iodine -> Motor oil -> Cuke -> Donut -> Iodine -> Viagra -> Mouthwash,"ANTI_GRAVITY, BALDING, BRIGHT_EYED, CYCLOPEAN, ELECTRIFYING, ENERGIZING, GINGERITIS, GLOWING, JENNERISING, LONG_FACED, SCHIZOPHRENIC, SEDATING, SEIZURE_INDUCING, SLIPPERY, SMELLY, SNEAKY, SPICY, THOUGHT_PROVOKING, TOXIC, TROPIC_THUNDER, ZOMBIFYING"
317,274.3999938964844,137.39999389648438,137.0,13.719999694824219,6.869999694824219,Megabean -> Cuke -> Banana -> Gasoline -> Battery -> Flu-meds -> Energy drink -> Donut -> Chili -> Cuke -> Addy -> Horse semen -> Megabean -> Iodine -> Motor oil -> Cuke -> Donut -> Iodine -> Viagra -> Mouthwash,"ANTI_GRAVITY, BALDING, BRIGHT_EYED, CYCLOPEAN, ELECTRIFYING, ENERGIZING, GINGERITIS, GLOWING, JENNERISING, LONG_FACED, SEDATING, SEIZURE_INDUCING, SLIPPERY, SMELLY, SNEAKY, SPICY, THOUGHT_PROVOKING, TOXIC, TROPIC_THUNDER, ZOMBIFYING"
318,274.3999938964844,128.39999389648438,146.0,13.719999694824219,6.419999694824218,Horse semen -> Gasoline -> Banana -> Megabean -> Gasoline -> Cuke -> Energy drink -> Flu-meds -> Addy -> Battery -> Megabean -> Iodine -> Horse semen -> Motor oil -> Cuke -> Donut -> Chili -> Mouthwash -> Iodine -> Viagra,"ANTI_GRAVITY, BALDING, BRIGHT_EYED, CYCLOPEAN, ELECTRIFYING, ENERGIZING, GINGERITIS, GLOWING, JENNERISING, LONG_FACED, PARANOIA, SCHIZOPHRENIC, SEDATING, SLIPPERY, SMELLY, SNEAKY, SPICY, THOUGHT_PROVOKING, TOXIC, TROPIC_THUNDER, ZOMBIFYING"
319,274.3999938964844,125.39999389648438,149.0,13.719999694824219,6.269999694824219,Megabean -> Energy drink -> Iodine -> Flu-meds -> Chili -> Megabean -> Battery -> Cuke -> Donut -> Motor oil -> Addy -> Horse semen -> Megabean -> Iodine -> Motor oil -> Cuke -> Donut -> Iodine -> Viagra -> Mouthwash,"ANTI_GRAVITY, BALDING, BRIGHT_EYED, CYCLOPEAN, ELECTRIFYING, ENERGIZING, GINGERITIS, GLOWING, JENNERISING, LONG_FACED, PARANOIA, SCHIZOPHRENIC, SEDATING, SEIZURE_INDUCING, SLIPPERY, SNEAKY, SPICY, THOUGHT_PROVOKING, TOXIC, TROPIC_THUNDER, ZOMBIFYING"
320,274.3999938964844,126.39999389648438,148.0,13.719999694824219,6.319999694824219,Megabean -> Energy drink -> Flu-meds -> Chili -> Megabean -> Battery -> Cuke -> Mouthwash -> Horse semen -> Donut -> Addy -> Megabean -> Horse semen -> Iodine -> Motor oil -> Cuke -> Donut -> Iodine -> Viagra -> Mouthwash,"ANTI_GRAVITY, BALDING, BRIGHT_EYED, CYCLOPEAN, ELECTRIFYING, ENERGIZING, GINGERITIS, GLOWING, JENNERISING, LONG_FACED, SCHIZOPHRENIC, SEDATING, SEIZURE_INDUCING, SLIPPERY, SNEAKY, SPICY, THOUGHT_PROVOKING, TOXIC, TROPIC_THUNDER, ZOMBIFYING"
321,274.3999938964844,136.39999389648438,138.0,13.719999694824219,6.819999694824219,Chili -> Gasoline -> Banana -> Cuke -> Flu-meds -> Gasoline -> Battery -> Cuke -> Donut -> Horse semen -> Addy -> Megabean -> Horse semen -> Iodine -> Motor oil -> Cuke -> Donut -> Iodine -> Viagra -> Mouthwash,"ANTI_GRAVITY, BALDING, BRIGHT_EYED, CYCLOPEAN, ELECTRIFYING, ENERGIZING, GINGERITIS, GLOWING, JENNERISING, LONG_FACED, PARANOIA, SCHIZOPHRENIC, SEDATING, SEIZURE_INDUCING, SLIPPERY, SMELLY, SNEAKY, SPICY, THOUGHT_PROVOKING, TROPIC_THUNDER, ZOMBIFYING"
322,274.3999938964844,135.39999389648438,139.0,13.719999694824219,6.769999694824219,Megabean -> Energy drink -> Banana -> Chili -> Viagra -> Cuke -> Flu-meds -> Gasoline -> Battery -> Cuke -> Donut -> Addy -> Megabean -> Mouthwash -> Iodine -> Motor oil -> Horse semen -> Donut -> Mouthwash -> Iodine,"ANTI_GRAVITY, BALDING, BRIGHT_EYED, CYCLOPEAN, DISORIENTING, ELECTRIFYING, ENERGIZING, GINGERITIS, GLOWING, JENNERISING, LAXATIVE, LONG_FACED, SCHIZOPHRENIC, SEDATING, SLIPPERY, SMELLY, SNEAKY, SPICY, THOUGHT_PROVOKING, TROPIC_THUNDER, ZOMBIFYING"
323,274.3999938964844,135.39999389648438,139.0,13.719999694824219,6.769999694824219,Megabean -> Energy drink -> Chili -> Flu-meds -> Megabean -> Banana -> Cuke -> Gasoline -> Addy -> Battery -> Cuke -> Megabean -> Iodine -> Horse semen -> Mouthwash -> Viagra -> Cuke -> Donut -> Mouthwash -> Iodine,"ANTI_GRAVITY, BALDING, BRIGHT_EYED, CYCLOPEAN, ELECTRIFYING, ENERGIZING, GINGERITIS, GLOWING, JENNERISING, LAXATIVE, LONG_FACED, PARANOIA, SEDATING, SLIPPERY, SMELLY, SNEAKY, SPICY, THOUGHT_PROVOKING, TROPIC_THUNDER, ZOMBIFYING"
324,274.3999938964844,127.39999389648438,147.0,13.719999694824219,6.369999694824219,Banana -> Cuke -> Horse semen -> Iodine -> Donut -> Gasoline -> Mouthwash -> Paracetamol -> Megabean -> Energy drink -> Battery -> Addy -> Megabean -> Flu-meds -> Iodine -> Horse semen -> Chili -> Donut -> Mouthwash -> Iodine,"ANTI_GRAVITY, BALDING, BRIGHT_EYED, CYCLOPEAN, DISORIENTING, ELECTRIFYING, ENERGIZING, GINGERITIS, GLOWING, JENNERISING, LONG_FACED, PARANOIA, SEDATING, SLIPPERY, SMELLY, SNEAKY, SPICY, THOUGHT_PROVOKING, TROPIC_THUNDER, ZOMBIFYING"
325,274.3999938964844,137.39999389648438,137.0,13.719999694824219,6.869999694824219,Megabean -> Flu-meds -> Energy drink -> Chili -> Banana -> Gasoline -> Cuke -> Flu-meds -> Addy -> Megabean -> Battery -> Cuke -> Iodine -> Horse semen -> Mouthwash -> Viagra -> Cuke -> Donut -> Mouthwash -> Iodine,"ANTI_GRAVITY, BALDING, BRIGHT_EYED, CYCLOPEAN, ELECTRIFYING, ENERGIZING, GINGERITIS, GLOWING, JENNERISING, LAXATIVE, LONG_FACED, SEDATING, SLIPPERY, SMELLY, SNEAKY, SPICY, THOUGHT_PROVOKING, TROPIC_THUNDER, ZOMBIFYING"
326,274.3999938964844,133.39999389648438,141.0,13.719999694824219,6.669999694824218,Megabean -> Banana -> Energy drink -> Flu-meds -> Megabean -> Energy drink -> Donut -> Battery -> Chili -> Cuke -> Addy -> Horse semen -> Mouthwash -> Megabean -> Iodine -> Viagra -> Cuke -> Donut -> Mouthwash -> Iodine,"ANTI_GRAVITY, BALDING, BRIGHT_EYED, CYCLOPEAN, ELECTRIFYING, ENERGIZING, GINGERITIS, GLOWING, JENNERISING, LAXATIVE, LONG_FACED, PARANOIA, SEDATING, SEIZURE_INDUCING, SLIPPERY, SNEAKY, SPICY, THOUGHT_PROVOKING, TROPIC_THUNDER, ZOMBIFYING"
327,274.3999938964844,136.39999389648438,138.0,13.719999694824219,6.819999694824219,Horse semen -> Mouthwash -> Donut -> Addy -> Battery -> Horse semen -> Iodine -> Megabean -> Cuke -> Banana -> Megabean -> Chili -> Motor oil -> Cuke -> Mouthwash -> Viagra -> Cuke -> Donut -> Mouthwash -> Iodine,"ANTI_GRAVITY, BALDING, BRIGHT_EYED, CYCLOPEAN, ELECTRIFYING, ENERGIZING, GINGERITIS, GLOWING, JENNERISING, LAXATIVE, LONG_FACED, PARANOIA, SCHIZOPHRENIC, SEDATING, SLIPPERY, SNEAKY, SPICY, THOUGHT_PROVOKING, TROPIC_THUNDER, ZOMBIFYING"
328,274.3999938964844,125.39999389648438,149.0,13.719999694824219,6.269999694824219,Chili -> Energy drink -> Donut -> Iodine -> Motor oil -> Viagra -> Megabean -> Cuke -> Motor oil -> Cuke -> Addy -> Battery -> Megabean -> Flu-meds -> Iodine -> Horse semen -> Chili -> Donut -> Mouthwash -> Iodine,"ANTI_GRAVITY, BALDING, BRIGHT_EYED, CYCLOPEAN, DISORIENTING, ELECTRIFYING, ENERGIZING, GINGERITIS, GLOWING, JENNERISING, LONG_FACED, PARANOIA, SCHIZOPHRENIC, SEDATING, SLIPPERY, SNEAKY, SPICY, THOUGHT_PROVOKING, TROPIC_THUNDER, ZOMBIFYING"
329,274.3999938964844,134.39999389648438,140.0,13.719999694824219,6.719999694824219,Cuke -> Donut -> Gasoline -> Iodine -> Gasoline -> Cuke -> Chili -> Gasoline -> Battery -> Cuke -> Addy -> Banana -> Megabean -> Megabean -> Iodine -> Motor oil -> Horse semen -> Donut -> Mouthwash -> Iodine,"ANTI_GRAVITY, BALDING, BRIGHT_EYED, CYCLOPEAN, DISORIENTING, ELECTRIFYING, ENERGIZING, GINGERITIS, GLOWING, JENNERISING, LAXATIVE, LONG_FACED, SEDATING, SLIPPERY, SNEAKY, SPICY, THOUGHT_PROVOKING, TROPIC_THUNDER, ZOMBIFYING"
330,274.3999938964844,143.39999389648438,131.0,13.719999694824219,7.169999694824218,Donut -> Addy -> Megabean -> Donut -> Banana -> Energy drink -> Battery -> Chili -> Gasoline -> Viagra -> Cuke -> Horse semen -> Banana -> Energy drink -> Megabean -> Banana -> Chili -> Mouthwash -> Cuke -> Motor oil,"ANTI_GRAVITY, ATHLETIC, BALDING, BRIGHT_EYED, CYCLOPEAN, ELECTRIFYING, GINGERITIS, GLOWING, JENNERISING, LAXATIVE, LONG_FACED, REFRESHING, SCHIZOPHRENIC, SEDATING, SEIZURE_INDUCING, SLIPPERY, SPICY, THOUGHT_PROVOKING, TROPIC_THUNDER, ZOMBIFYING"
331,274.3999938964844,125.39999389648438,149.0,13.719999694824219,6.269999694824219,Iodine -> Megabean -> Chili -> Energy drink -> Battery -> Viagra -> Megabean -> Flu-meds -> Energy drink -> Horse semen -> Addy -> Megabean -> Horse semen -> Banana -> Chili -> Viagra -> Cuke -> Viagra -> Motor oil -> Cuke,"ANTI_GRAVITY, ATHLETIC, BALDING, BRIGHT_EYED, CALMING, CALORIE_DENSE, CYCLOPEAN, ELECTRIFYING, ENERGIZING, GINGERITIS, GLOWING, JENNERISING, LONG_FACED, REFRESHING, SCHIZOPHRENIC, SEIZURE_INDUCING, SPICY, THOUGHT_PROVOKING, TROPIC_THUNDER, ZOMBIFYING"
332,274.3999938964844,122.39999389648438,152.0,14.44210494192023,6.44210494192023,Megabean -> Iodine -> Donut -> Gasoline -> Cuke -> Energy drink -> Addy -> Horse semen -> Battery -> Addy -> Megabean -> Iodine -> Motor oil -> Horse semen -> Donut -> Chili -> Mouthwash -> Iodine -> Viagra,"ANTI_GRAVITY, BALDING, BRIGHT_EYED, CYCLOPEAN, ELECTRIFYING, ENERGIZING, GINGERITIS, GLOWING, JENNERISING, LONG_FACED, SCHIZOPHRENIC, SEDATING, SLIPPERY, SMELLY, SNEAKY, SPICY, THOUGHT_PROVOKING, TOXIC, TROPIC_THUNDER, ZOMBIFYING"
333,274.3999938964844,132.39999389648438,142.0,14.44210494192023,6.968420731393914,Cuke -> Megabean -> Banana -> Gasoline -> Energy drink -> Megabean -> Battery -> Chili -> Iodine -> Addy -> Horse semen -> Motor oil -> Megabean -> Cuke -> Iodine -> Donut -> Iodine -> Viagra -> Mouthwash,"ANTI_GRAVITY, BALDING, BRIGHT_EYED, CYCLOPEAN, ELECTRIFYING, ENERGIZING, GINGERITIS, GLOWING, JENNERISING, LONG_FACED, PARANOIA, SEDATING, SLIPPERY, SMELLY, SNEAKY, SPICY, THOUGHT_PROVOKING, TOXIC, TROPIC_THUNDER, ZOMBIFYING"
334,274.3999938964844,130.39999389648438,144.0,14.44210494192023,6.863157573499177,Donut -> Megabean -> Iodine -> Addy -> Horse semen -> Donut -> Battery -> Motor oil -> Cuke -> Viagra -> Megabean -> Energy drink -> Addy -> Megabean -> Donut -> Chili -> Mouthwash -> Iodine -> Viagra,"ANTI_GRAVITY, BALDING, BRIGHT_EYED, CYCLOPEAN, ELECTRIFYING, ENERGIZING, GINGERITIS, GLOWING, JENNERISING, LONG_FACED, PARANOIA, SEDATING, SEIZURE_INDUCING, SLIPPERY, SNEAKY, SPICY, THOUGHT_PROVOKING, TOXIC, TROPIC_THUNDER, ZOMBIFYING"
335,274.3999938964844,135.39999389648438,139.0,14.44210494192023,7.12631546823602,Megabean -> Energy drink -> Flu-meds -> Chili -> Megabean -> Battery -> Cuke -> Mouthwash -> Donut -> Addy -> Horse semen -> Megabean -> Iodine -> Motor oil -> Cuke -> Donut -> Iodine -> Viagra -> Mouthwash,"ANTI_GRAVITY, BALDING, BRIGHT_EYED, CYCLOPEAN, ELECTRIFYING, ENERGIZING, GINGERITIS, GLOWING, JENNERISING, LONG_FACED, SEDATING, SEIZURE_INDUCING, SLIPPERY, SNEAKY, SPICY, THOUGHT_PROVOKING, TOXIC, TROPIC_THUNDER, ZOMBIFYING"
336,274.3999938964844,134.39999389648438,140.0,14.44210494192023,7.0736838892886515,Megabean -> Flu-meds -> Energy drink -> Paracetamol -> Megabean -> Cuke -> Flu-meds -> Addy -> Battery -> Megabean -> Iodine -> Horse semen -> Motor oil -> Cuke -> Donut -> Chili -> Mouthwash -> Iodine -> Viagra,"ANTI_GRAVITY, BALDING, BRIGHT_EYED, CYCLOPEAN, ELECTRIFYING, ENERGIZING, GINGERITIS, GLOWING, JENNERISING, LONG_FACED, PARANOIA, SCHIZOPHRENIC, SEDATING, SLIPPERY, SNEAKY, SPICY, THOUGHT_PROVOKING, TOXIC, TROPIC_THUNDER, ZOMBIFYING"
337,274.3999938964844,141.39999389648438,133.0,14.44210494192023,7.44210494192023,Banana -> Cuke -> Flu-meds -> Chili -> Gasoline -> Battery -> Cuke -> Donut -> Horse semen -> Addy -> Megabean -> Horse semen -> Iodine -> Motor oil -> Cuke -> Donut -> Iodine -> Viagra -> Mouthwash,"ANTI_GRAVITY, BALDING, BRIGHT_EYED, CYCLOPEAN, ELECTRIFYING, ENERGIZING, GINGERITIS, GLOWING, JENNERISING, LONG_FACED, SCHIZOPHRENIC, SEDATING, SEIZURE_INDUCING, SLIPPERY, SMELLY, SNEAKY, SPICY, THOUGHT_PROVOKING, TROPIC_THUNDER, ZOMBIFYING"
338,274.3999938964844,145.39999389648438,129.0,14.44210494192023,7.652631257709704,Chili -> Gasoline -> Banana -> Cuke -> Flu-meds -> Gasoline -> Battery -> Cuke -> Donut -> Addy -> Horse semen -> Megabean -> Iodine -> Motor oil -> Cuke -> Donut -> Iodine -> Viagra -> Mouthwash,"ANTI_GRAVITY, BALDING, BRIGHT_EYED, CYCLOPEAN, ELECTRIFYING, ENERGIZING, GINGERITIS, GLOWING, JENNERISING, LONG_FACED, PARANOIA, SEDATING, SEIZURE_INDUCING, SLIPPERY, SMELLY, SNEAKY, SPICY, THOUGHT_PROVOKING, TROPIC_THUNDER, ZOMBIFYING"
339,274.3999938964844,137.39999389648438,137.0,14.44210494192023,7.231578626130757,Gasoline -> Banana -> Energy drink -> Megabean -> Gasoline -> Cuke -> Flu-meds -> Addy -> Battery -> Megabean -> Iodine -> Horse semen -> Motor oil -> Cuke -> Donut -> Chili -> Mouthwash -> Iodine -> Viagra,"ANTI_GRAVITY, BALDING, BRIGHT_EYED, CYCLOPEAN, ELECTRIFYING, ENERGIZING, GINGERITIS, GLOWING, JENNERISING, LONG_FACED, PARANOIA, SCHIZOPHRENIC, SEDATING, SLIPPERY, SMELLY, SNEAKY, SPICY, THOUGHT_PROVOKING, TROPIC_THUNDER, ZOMBIFYING"
340,274.3999938964844,135.39999389648438,139.0,14.44210494192023,7.12631546823602,Cuke -> Chili -> Gasoline -> Banana -> Gasoline -> Battery -> Cuke -> Iodine -> Horse semen -> Donut -> Addy -> Megabean -> Mouthwash -> Iodine -> Motor oil -> Horse semen -> Donut -> Mouthwash -> Iodine,"ANTI_GRAVITY, BALDING, BRIGHT_EYED, CYCLOPEAN, ELECTRIFYING, ENERGIZING, GINGERITIS, GLOWING, JENNERISING, LAXATIVE, LONG_FACED, SCHIZOPHRENIC, SEDATING, SLIPPERY, SMELLY, SNEAKY, SPICY, THOUGHT_PROVOKING, TROPIC_THUNDER, ZOMBIFYING"
341,274.3999938964844,128.39999389648438,146.0,14.44210494192023,6.757894415604441,Banana -> Gasoline -> Cuke -> Gasoline -> Addy -> Horse semen -> Battery -> Iodine -> Donut -> Addy -> Megabean -> Mouthwash -> Iodine -> Motor oil -> Horse semen -> Chili -> Donut -> Mouthwash -> Iodine,"ANTI_GRAVITY, BALDING, BRIGHT_EYED, CYCLOPEAN, DISORIENTING, ELECTRIFYING, ENERGIZING, GINGERITIS, GLOWING, JENNERISING, LONG_FACED, SCHIZOPHRENIC, SEDATING, SLIPPERY, SMELLY, SNEAKY, SPICY, THOUGHT_PROVOKING, TROPIC_THUNDER, ZOMBIFYING"
342,274.3999938964844,131.39999389648438,143.0,14.44210494192023,6.915789152446546,Donut -> Addy -> Horse semen -> Chili -> Mouthwash -> Battery -> Cuke -> Iodine -> Donut -> Addy -> Megabean -> Horse semen -> Iodine -> Motor oil -> Cuke -> Donut -> Iodine -> Viagra -> Mouthwash,"ANTI_GRAVITY, BALDING, BRIGHT_EYED, CYCLOPEAN, ELECTRIFYING, ENERGIZING, GINGERITIS, GLOWING, JENNERISING, LONG_FACED, PARANOIA, SCHIZOPHRENIC, SEDATING, SEIZURE_INDUCING, SLIPPERY, SNEAKY, SPICY, THOUGHT_PROVOKING, TROPIC_THUNDER, ZOMBIFYING"
343,274.3999938964844,138.39999389648438,136.0,14.44210494192023,7.284210205078125,Cuke -> Donut -> Gasoline -> Iodine -> Flu-meds -> Gasoline -> Cuke -> Chili -> Gasoline -> Battery -> Cuke -> Addy -> Megabean -> Iodine -> Motor oil -> Horse semen -> Donut -> Mouthwash -> Iodine,"ANTI_GRAVITY, BALDING, BRIGHT_EYED, CYCLOPEAN, DISORIENTING, ELECTRIFYING, ENERGIZING, GINGERITIS, GLOWING, JENNERISING, LAXATIVE, LONG_FACED, SCHIZOPHRENIC, SEDATING, SLIPPERY, SNEAKY, SPICY, THOUGHT_PROVOKING, TROPIC_THUNDER, ZOMBIFYING"
344,274.3999938964844,134.39999389648438,140.0,14.44210494192023,7.0736838892886515,Donut -> Addy -> Horse semen -> Megabean -> Battery -> Iodine -> Chili -> Motor oil -> Banana -> Megabean -> Cuke -> Iodine -> Horse semen -> Mouthwash -> Viagra -> Cuke -> Donut -> Mouthwash -> Iodine,"ANTI_GRAVITY, BALDING, BRIGHT_EYED, CYCLOPEAN, ELECTRIFYING, ENERGIZING, GINGERITIS, GLOWING, JENNERISING, LAXATIVE, LONG_FACED, PARANOIA, SEDATING, SLIPPERY, SNEAKY, SPICY, THOUGHT_PROVOKING, TROPIC_THUNDER, ZOMBIFYING"
345,274.3999938964844,128.39999389648438,146.0,14.44210494192023,6.757894415604441,Donut -> Addy -> Mouthwash -> Paracetamol -> Megabean -> Horse semen -> Donut -> Mouthwash -> Energy drink -> Battery -> Addy -> Megabean -> Flu-meds -> Iodine -> Horse semen -> Chili -> Donut -> Mouthwash -> Iodine,"ANTI_GRAVITY, BALDING, BRIGHT_EYED, CYCLOPEAN, DISORIENTING, ELECTRIFYING, ENERGIZING, GINGERITIS, GLOWING, JENNERISING, LONG_FACED, PARANOIA, SEDATING, SLIPPERY, SNEAKY, SPICY, THOUGHT_PROVOKING, TROPIC_THUNDER, ZOMBIFYING"
346,274.3999938964844,129.39999389648438,145.0,14.44210494192023,6.810525994551809,Chili -> Mouthwash -> Cuke -> Gasoline -> Battery -> Iodine -> Megabean -> Energy drink -> Horse semen -> Addy -> Donut -> Motor oil -> Iodine -> Megabean -> Horse semen -> Banana -> Cuke -> Chili -> Motor oil,"ANTI_GRAVITY, ATHLETIC, BALDING, BRIGHT_EYED, CYCLOPEAN, ELECTRIFYING, EXPLOSIVE, GINGERITIS, GLOWING, JENNERISING, LONG_FACED, REFRESHING, SCHIZOPHRENIC, SEDATING, SEIZURE_INDUCING, SLIPPERY, SPICY, THOUGHT_PROVOKING, TROPIC_THUNDER, ZOMBIFYING"
347,274.3999938964844,143.39999389648438,131.0,14.44210494192023,7.5473680998149675,Banana -> Iodine -> Gasoline -> Cuke -> Donut -> Horse semen -> Addy -> Donut -> Battery -> Horse semen -> Megabean -> Energy drink -> Megabean -> Banana -> Banana -> Chili -> Mouthwash -> Cuke -> Motor oil,"ANTI_GRAVITY, ATHLETIC, BALDING, BRIGHT_EYED, CYCLOPEAN, ELECTRIFYING, GINGERITIS, GLOWING, JENNERISING, LAXATIVE, LONG_FACED, REFRESHING, SCHIZOPHRENIC, SEDATING, SLIPPERY, SPICY, THOUGHT_PROVOKING, TROPIC_THUNDER, ZOMBIFYING"
348,274.3999938964844,132.39999389648438,142.0,14.44210494192023,6.968420731393914,Cuke -> Iodine -> Chili -> Gasoline -> Battery -> Cuke -> Horse semen -> Addy -> Donut -> Iodine -> Motor oil -> Energy drink -> Motor oil -> Megabean -> Horse semen -> Banana -> Cuke -> Chili -> Motor oil,"ANTI_GRAVITY, ATHLETIC, BALDING, BRIGHT_EYED, CYCLOPEAN, ELECTRIFYING, EXPLOSIVE, GINGERITIS, GLOWING, JENNERISING, LONG_FACED, REFRESHING, SCHIZOPHRENIC, SEDATING, SLIPPERY, SPICY, THOUGHT_PROVOKING, TROPIC_THUNDER, ZOMBIFYING"
349,274.3999938964844,136.39999389648438,138.0,14.44210494192023,7.178947047183388,Iodine -> Megabean -> Chili -> Energy drink -> Battery -> Flu-meds -> Megabean -> Banana -> Energy drink -> Horse semen -> Addy -> Megabean -> Banana -> Chili -> Viagra -> Cuke -> Viagra -> Motor oil -> Cuke,"ANTI_GRAVITY, ATHLETIC, BALDING, BRIGHT_EYED, CALMING, CALORIE_DENSE, CYCLOPEAN, ELECTRIFYING, ENERGIZING, GINGERITIS, GLOWING, JENNERISING, LONG_FACED, REFRESHING, SCHIZOPHRENIC, SPICY, THOUGHT_PROVOKING, TROPIC_THUNDER, ZOMBIFYING"
350,274.3999938964844,131.39999389648438,143.0,15.244444105360243,7.299999660915798,Banana -> Gasoline -> Iodine -> Donut -> Horse semen -> Addy -> Megabean -> Energy drink -> Battery -> Megabean -> Iodine -> Motor oil -> Horse semen -> Donut -> Chili -> Mouthwash -> Iodine -> Viagra,"ANTI_GRAVITY, BALDING, BRIGHT_EYED, CYCLOPEAN, ELECTRIFYING, ENERGIZING, GINGERITIS, GLOWING, JENNERISING, LONG_FACED, SEDATING, SLIPPERY, SMELLY, SNEAKY, SPICY, THOUGHT_PROVOKING, TOXIC, TROPIC_THUNDER, ZOMBIFYING"
351,274.3999938964844,124.39999389648438,150.0,15.244444105360243,6.91111077202691,Horse semen -> Chili -> Addy -> Gasoline -> Cuke -> Horse semen -> Energy drink -> Battery -> Addy -> Megabean -> Iodine -> Motor oil -> Horse semen -> Donut -> Chili -> Mouthwash -> Iodine -> Viagra,"ANTI_GRAVITY, BALDING, BRIGHT_EYED, CYCLOPEAN, ELECTRIFYING, ENERGIZING, GINGERITIS, GLOWING, JENNERISING, LONG_FACED, SCHIZOPHRENIC, SEDATING, SLIPPERY, SNEAKY, SPICY, THOUGHT_PROVOKING, TOXIC, TROPIC_THUNDER, ZOMBIFYING"
352,274.3999938964844,151.39999389648438,123.0,15.244444105360243,8.411110772026909,Cuke -> Donut -> Addy -> Megabean -> Flu-meds -> Banana -> Gasoline -> Battery -> Cuke -> Horse semen -> Banana -> Energy drink -> Megabean -> Donut -> Chili -> Mouthwash -> Iodine -> Viagra,"ANTI_GRAVITY, BALDING, BRIGHT_EYED, CYCLOPEAN, ELECTRIFYING, ENERGIZING, GINGERITIS, GLOWING, JENNERISING, LONG_FACED, PARANOIA, SEDATING, SLIPPERY, SNEAKY, SPICY, THOUGHT_PROVOKING, TOXIC, TROPIC_THUNDER, ZOMBIFYING"
353,274.3999938964844,150.39999389648438,124.0,15.244444105360243,8.355555216471354,Banana -> Cuke -> Flu-meds -> Chili -> Gasoline -> Battery -> Cuke -> Donut -> Addy -> Horse semen -> Megabean -> Iodine -> Motor oil -> Cuke -> Donut -> Iodine -> Viagra -> Mouthwash,"ANTI_GRAVITY, BALDING, BRIGHT_EYED, CYCLOPEAN, ELECTRIFYING, ENERGIZING, GINGERITIS, GLOWING, JENNERISING, LONG_FACED, SEDATING, SEIZURE_INDUCING, SLIPPERY, SMELLY, SNEAKY, SPICY, THOUGHT_PROVOKING, TROPIC_THUNDER, ZOMBIFYING"
354,274.3999938964844,145.39999389648438,129.0,15.244444105360243,8.077777438693577,Donut -> Gasoline -> Banana -> Megabean -> Gasoline -> Cuke -> Addy -> Battery -> Megabean -> Iodine -> Horse semen -> Motor oil -> Cuke -> Donut -> Chili -> Mouthwash -> Iodine -> Viagra,"ANTI_GRAVITY, BALDING, BRIGHT_EYED, CYCLOPEAN, ELECTRIFYING, ENERGIZING, GINGERITIS, GLOWING, JENNERISING, LONG_FACED, SCHIZOPHRENIC, SEDATING, SLIPPERY, SMELLY, SNEAKY, SPICY, THOUGHT_PROVOKING, TROPIC_THUNDER, ZOMBIFYING"
355,274.3999938964844,143.39999389648438,131.0,15.244444105360243,7.966666327582465,Horse semen -> Chili -> Gasoline -> Banana -> Cuke -> Flu-meds -> Gasoline -> Battery -> Cuke -> Addy -> Megabean -> Iodine -> Horse semen -> Mouthwash -> Donut -> Viagra -> Mouthwash -> Iodine,"ANTI_GRAVITY, BALDING, BRIGHT_EYED, CYCLOPEAN, ELECTRIFYING, ENERGIZING, GINGERITIS, GLOWING, JENNERISING, LONG_FACED, PARANOIA, SEDATING, SLIPPERY, SMELLY, SNEAKY, SPICY, THOUGHT_PROVOKING, TROPIC_THUNDER, ZOMBIFYING"
356,274.3999938964844,135.39999389648438,139.0,15.244444105360243,7.5222218831380205,Megabean -> Chili -> Energy drink -> Megabean -> Horse semen -> Banana -> Battery -> Viagra -> Cuke -> Gasoline -> Megabean -> Chili -> Iodine -> Motor oil -> Horse semen -> Donut -> Mouthwash -> Iodine,"ANTI_GRAVITY, BALDING, BRIGHT_EYED, CYCLOPEAN, DISORIENTING, ELECTRIFYING, ENERGIZING, GINGERITIS, GLOWING, JENNERISING, LONG_FACED, SEDATING, SLIPPERY, SMELLY, SNEAKY, SPICY, THOUGHT_PROVOKING, TROPIC_THUNDER, ZOMBIFYING"
357,274.3999938964844,140.39999389648438,134.0,15.244444105360243,7.799999660915798,Cuke -> Chili -> Gasoline -> Battery -> Cuke -> Iodine -> Horse semen -> Donut -> Addy -> Megabean -> Horse semen -> Iodine -> Motor oil -> Cuke -> Donut -> Iodine -> Viagra -> Mouthwash,"ANTI_GRAVITY, BALDING, BRIGHT_EYED, CYCLOPEAN, ELECTRIFYING, ENERGIZING, GINGERITIS, GLOWING, JENNERISING, LONG_FACED, SCHIZOPHRENIC, SEDATING, SEIZURE_INDUCING, SLIPPERY, SNEAKY, SPICY, THOUGHT_PROVOKING, TROPIC_THUNDER, ZOMBIFYING"
358,274.3999938964844,140.39999389648438,134.0,15.244444105360243,7.799999660915798,Banana -> Gasoline -> Cuke -> Flu-meds -> Battery -> Megabean -> Chili -> Energy drink -> Addy -> Horse semen -> Banana -> Addy -> Megabean -> Donut -> Chili -> Mouthwash -> Iodine -> Viagra,"ANTI_GRAVITY, BALDING, BRIGHT_EYED, CYCLOPEAN, ELECTRIFYING, ENERGIZING, GINGERITIS, GLOWING, JENNERISING, LONG_FACED, PARANOIA, SEDATING, SEIZURE_INDUCING, SLIPPERY, SNEAKY, SPICY, THOUGHT_PROVOKING, TROPIC_THUNDER, ZOMBIFYING"
359,274.3999938964844,145.39999389648438,129.0,15.244444105360243,8.077777438693577,Cuke -> Megabean -> Mouthwash -> Donut -> Motor oil -> Banana -> Addy -> Battery -> Megabean -> Iodine -> Horse semen -> Motor oil -> Cuke -> Donut -> Chili -> Mouthwash -> Iodine -> Viagra,"ANTI_GRAVITY, BALDING, BRIGHT_EYED, CYCLOPEAN, ELECTRIFYING, ENERGIZING, GINGERITIS, GLOWING, JENNERISING, LONG_FACED, PARANOIA, SCHIZOPHRENIC, SEDATING, SLIPPERY, SNEAKY, SPICY, THOUGHT_PROVOKING, TROPIC_THUNDER, ZOMBIFYING"
360,274.3999938964844,141.39999389648438,133.0,15.244444105360243,7.8555552164713545,Mouthwash -> Chili -> Donut -> Cuke -> Flu-meds -> Gasoline -> Battery -> Cuke -> Horse semen -> Addy -> Megabean -> Mouthwash -> Iodine -> Motor oil -> Horse semen -> Donut -> Mouthwash -> Iodine,"ANTI_GRAVITY, BALDING, BRIGHT_EYED, CYCLOPEAN, ELECTRIFYING, ENERGIZING, GINGERITIS, GLOWING, JENNERISING, LAXATIVE, LONG_FACED, SCHIZOPHRENIC, SEDATING, SLIPPERY, SNEAKY, SPICY, THOUGHT_PROVOKING, TROPIC_THUNDER, ZOMBIFYING"
361,274.3999938964844,133.39999389648438,141.0,15.244444105360243,7.41111077202691,Cuke -> Donut -> Addy -> Horse semen -> Battery -> Iodine -> Donut -> Viagra -> Addy -> Megabean -> Mouthwash -> Iodine -> Motor oil -> Horse semen -> Chili -> Donut -> Mouthwash -> Iodine,"ANTI_GRAVITY, BALDING, BRIGHT_EYED, CYCLOPEAN, DISORIENTING, ELECTRIFYING, ENERGIZING, GINGERITIS, GLOWING, JENNERISING, LONG_FACED, SCHIZOPHRENIC, SEDATING, SLIPPERY, SNEAKY, SPICY, THOUGHT_PROVOKING, TROPIC_THUNDER, ZOMBIFYING"
362,274.3999938964844,156.39999389648438,118.0,15.244444105360243,8.688888549804688,Cuke -> Chili -> Gasoline -> Battery -> Cuke -> Mouthwash -> Iodine -> Banana -> Horse semen -> Donut -> Mouthwash -> Motor oil -> Megabean -> Viagra -> Cuke -> Donut -> Mouthwash -> Iodine,"ANTI_GRAVITY, BALDING, BRIGHT_EYED, CYCLOPEAN, ELECTRIFYING, ENERGIZING, GINGERITIS, GLOWING, JENNERISING, LAXATIVE, LONG_FACED, SEDATING, SLIPPERY, SNEAKY, SPICY, THOUGHT_PROVOKING, TROPIC_THUNDER, ZOMBIFYING"
363,274.3999938964844,128.39999389648438,146.0,15.244444105360243,7.133332994249132,Donut -> Addy -> Horse semen -> Battery -> Iodine -> Donut -> Viagra -> Addy -> Megabean -> Megabean -> Mouthwash -> Iodine -> Motor oil -> Horse semen -> Chili -> Donut -> Mouthwash -> Iodine,"ANTI_GRAVITY, BALDING, BRIGHT_EYED, CYCLOPEAN, DISORIENTING, ELECTRIFYING, ENERGIZING, GINGERITIS, GLOWING, JENNERISING, LONG_FACED, SEDATING, SLIPPERY, SNEAKY, SPICY, THOUGHT_PROVOKING, TROPIC_THUNDER, ZOMBIFYING"
364,274.3999938964844,145.39999389648438,129.0,15.244444105360243,8.077777438693577,Megabean -> Cuke -> Horse semen -> Flu-meds -> Banana -> Gasoline -> Battery -> Horse semen -> Chili -> Iodine -> Energy drink -> Megabean -> Donut -> Banana -> Cuke -> Mouthwash -> Chili -> Motor oil,"ANTI_GRAVITY, ATHLETIC, BALDING, BRIGHT_EYED, CYCLOPEAN, ELECTRIFYING, GINGERITIS, GLOWING, JENNERISING, LONG_FACED, REFRESHING, SCHIZOPHRENIC, SEDATING, SEIZURE_INDUCING, SLIPPERY, SPICY, THOUGHT_PROVOKING, TROPIC_THUNDER, ZOMBIFYING"
365,274.3999938964844,135.39999389648438,139.0,16.141176111557904,7.9647055233226105,Megabean -> Mouthwash -> Horse semen -> Donut -> Addy -> Megabean -> Energy drink -> Battery -> Megabean -> Iodine -> Motor oil -> Horse semen -> Donut -> Chili -> Mouthwash -> Iodine -> Viagra,"ANTI_GRAVITY, BALDING, BRIGHT_EYED, CYCLOPEAN, ELECTRIFYING, ENERGIZING, GINGERITIS, GLOWING, JENNERISING, LONG_FACED, SEDATING, SLIPPERY, SNEAKY, SPICY, THOUGHT_PROVOKING, TOXIC, TROPIC_THUNDER, ZOMBIFYING"
366,274.3999938964844,146.39999389648438,128.0,16.141176111557904,8.611764346852022,Motor oil -> Banana -> Megabean -> Cuke -> Donut -> Addy -> Battery -> Megabean -> Chili -> Gasoline -> Iodine -> Motor oil -> Horse semen -> Donut -> Mouthwash -> Iodine -> Viagra,"ANTI_GRAVITY, BALDING, BRIGHT_EYED, CYCLOPEAN, ELECTRIFYING, ENERGIZING, GINGERITIS, GLOWING, JENNERISING, LONG_FACED, SEDATING, SLIPPERY, SMELLY, SNEAKY, SPICY, THOUGHT_PROVOKING, TROPIC_THUNDER, ZOMBIFYING"
367,274.3999938964844,149.39999389648438,125.0,16.141176111557904,8.788234935087317,Cuke -> Chili -> Gasoline -> Battery -> Cuke -> Iodine -> Donut -> Addy -> Horse semen -> Megabean -> Iodine -> Motor oil -> Cuke -> Donut -> Iodine -> Viagra -> Mouthwash,"ANTI_GRAVITY, BALDING, BRIGHT_EYED, CYCLOPEAN, ELECTRIFYING, ENERGIZING, GINGERITIS, GLOWING, JENNERISING, LONG_FACED, SEDATING, SEIZURE_INDUCING, SLIPPERY, SNEAKY, SPICY, THOUGHT_PROVOKING, TROPIC_THUNDER, ZOMBIFYING"
368,274.3999938964844,151.39999389648438,123.0,16.141176111557904,8.905881993910846,Megabean -> Cuke -> Horse semen -> Gasoline -> Banana -> Battery -> Megabean -> Iodine -> Horse semen -> Cuke -> Motor oil -> Cuke -> Donut -> Chili -> Mouthwash -> Iodine -> Viagra,"ANTI_GRAVITY, BALDING, BRIGHT_EYED, CYCLOPEAN, ELECTRIFYING, ENERGIZING, GINGERITIS, GLOWING, JENNERISING, LONG_FACED, SCHIZOPHRENIC, SEDATING, SLIPPERY, SNEAKY, SPICY, THOUGHT_PROVOKING, TROPIC_THUNDER, ZOMBIFYING"
369,274.3999938964844,147.39999389648438,127.0,16.141176111557904,8.670587876263786,Banana -> Gasoline -> Cuke -> Flu-meds -> Battery -> Megabean -> Energy drink -> Addy -> Horse semen -> Banana -> Addy -> Megabean -> Donut -> Chili -> Mouthwash -> Iodine -> Viagra,"ANTI_GRAVITY, BALDING, BRIGHT_EYED, CYCLOPEAN, ELECTRIFYING, ENERGIZING, GINGERITIS, GLOWING, JENNERISING, LONG_FACED, PARANOIA, SEDATING, SLIPPERY, SNEAKY, SPICY, THOUGHT_PROVOKING, TROPIC_THUNDER, ZOMBIFYING"
370,274.3999938964844,148.39999389648438,126.0,16.141176111557904,8.72941140567555,Banana -> Cuke -> Chili -> Gasoline -> Battery -> Iodine -> Energy drink -> Horse semen -> Addy -> Megabean -> Horse semen -> Donut -> Banana -> Cuke -> Mouthwash -> Chili -> Motor oil,"ANTI_GRAVITY, ATHLETIC, BALDING, BRIGHT_EYED, CYCLOPEAN, ELECTRIFYING, GINGERITIS, GLOWING, JENNERISING, LONG_FACED, REFRESHING, SCHIZOPHRENIC, SEDATING, SLIPPERY, SPICY, THOUGHT_PROVOKING, TROPIC_THUNDER, ZOMBIFYING"
371,274.3999938964844,153.39999389648438,121.0,17.149999618530273,9.587499618530273,Megabean -> Cuke -> Horse semen -> Gasoline -> Banana -> Battery -> Megabean -> Iodine -> Horse semen -> Motor oil -> Cuke -> Donut -> Chili -> Mouthwash -> Iodine -> Viagra,"ANTI_GRAVITY, BALDING, BRIGHT_EYED, CYCLOPEAN, ELECTRIFYING, ENERGIZING, GINGERITIS, GLOWING, JENNERISING, LONG_FACED, SEDATING, SLIPPERY, SNEAKY, SPICY, THOUGHT_PROVOKING, TROPIC_THUNDER, ZOMBIFYING"
372,273.70001220703125,127.70001220703125,146.0,10.94800048828125,5.10800048828125,Mouthwash -> Horse semen -> Donut -> Cuke -> Addy -> Battery -> Megabean -> Donut -> Energy drink -> Mouthwash -> Donut -> Banana -> Paracetamol -> Horse semen -> Megabean -> Banana -> Banana -> Chili -> Cuke -> Motor oil -> Viagra -> Cuke -> Motor oil -> Viagra -> Cuke,"ANTI_GRAVITY, ATHLETIC, BALDING, BRIGHT_EYED, CALMING, CYCLOPEAN, ELECTRIFYING, ENERGIZING, EXPLOSIVE, GINGERITIS, GLOWING, JENNERISING, LONG_FACED, PARANOIA, REFRESHING, SCHIZOPHRENIC, SEDATING, SPICY, THOUGHT_PROVOKING, TROPIC_THUNDER, ZOMBIFYING"
373,273.70001220703125,115.70001220703125,158.0,11.900000530740488,5.030435313349185,Addy -> Megabean -> Banana -> Gasoline -> Flu-meds -> Chili -> Energy drink -> Donut -> Chili -> Battery -> Cuke -> Addy -> Megabean -> Horse semen -> Iodine -> Motor oil -> Donut -> Mouthwash -> Viagra -> Cuke -> Donut -> Mouthwash -> Iodine,"ANTI_GRAVITY, ATHLETIC, BALDING, BRIGHT_EYED, CYCLOPEAN, ELECTRIFYING, ENERGIZING, GINGERITIS, GLOWING, JENNERISING, LAXATIVE, LONG_FACED, PARANOIA, SCHIZOPHRENIC, SEDATING, SEIZURE_INDUCING, SMELLY, SNEAKY, SPICY, THOUGHT_PROVOKING, TROPIC_THUNDER, ZOMBIFYING"
374,273.70001220703125,111.70001220703125,162.0,11.900000530740488,4.856522269870924,Cuke -> Donut -> Addy -> Horse semen -> Battery -> Megabean -> Iodine -> Donut -> Flu-meds -> Chili -> Gasoline -> Cuke -> Addy -> Donut -> Motor oil -> Energy drink -> Chili -> Motor oil -> Viagra -> Cuke -> Motor oil -> Megabean -> Iodine,"ANTI_GRAVITY, ATHLETIC, BALDING, BRIGHT_EYED, CYCLOPEAN, DISORIENTING, ELECTRIFYING, ENERGIZING, EXPLOSIVE, GINGERITIS, GLOWING, JENNERISING, LAXATIVE, LONG_FACED, PARANOIA, SCHIZOPHRENIC, SEDATING, SMELLY, SNEAKY, SPICY, THOUGHT_PROVOKING, TROPIC_THUNDER, ZOMBIFYING"
375,273.70001220703125,110.70001220703125,163.0,11.900000530740488,4.813044009001358,Addy -> Megabean -> Flu-meds -> Gasoline -> Banana -> Battery -> Energy drink -> Horse semen -> Addy -> Megabean -> Banana -> Donut -> Cuke -> Motor oil -> Chili -> Energy drink -> Motor oil -> Chili -> Viagra -> Cuke -> Motor oil -> Megabean -> Iodine,"ANTI_GRAVITY, ATHLETIC, BALDING, BRIGHT_EYED, CYCLOPEAN, DISORIENTING, ELECTRIFYING, ENERGIZING, EXPLOSIVE, GINGERITIS, GLOWING, JENNERISING, LAXATIVE, LONG_FACED, PARANOIA, SCHIZOPHRENIC, SEDATING, SNEAKY, SPICY, THOUGHT_PROVOKING, TROPIC_THUNDER, ZOMBIFYING"
376,273.70001220703125,137.70001220703125,136.0,11.900000530740488,5.986957052479619,Mouthwash -> Horse semen -> Donut -> Cuke -> Addy -> Battery -> Megabean -> Donut -> Energy drink -> Mouthwash -> Donut -> Banana -> Paracetamol -> Horse semen -> Megabean -> Banana -> Banana -> Chili -> Cuke -> Viagra -> Cuke -> Motor oil -> Cuke,"ANTI_GRAVITY, ATHLETIC, BALDING, BRIGHT_EYED, CALMING, CYCLOPEAN, ELECTRIFYING, ENERGIZING, EXPLOSIVE, GINGERITIS, GLOWING, JENNERISING, LONG_FACED, REFRESHING, SCHIZOPHRENIC, SEDATING, SPICY, THOUGHT_PROVOKING, TROPIC_THUNDER, ZOMBIFYING"
377,273.70001220703125,129.70001220703125,144.0,12.440909645774148,5.8954551003196025,Megabean -> Cuke -> Banana -> Gasoline -> Battery -> Flu-meds -> Energy drink -> Donut -> Chili -> Cuke -> Addy -> Horse semen -> Megabean -> Iodine -> Motor oil -> Donut -> Mouthwash -> Viagra -> Cuke -> Donut -> Mouthwash -> Iodine,"ANTI_GRAVITY, ATHLETIC, BALDING, BRIGHT_EYED, CYCLOPEAN, ELECTRIFYING, ENERGIZING, GINGERITIS, GLOWING, JENNERISING, LAXATIVE, LONG_FACED, PARANOIA, SEDATING, SEIZURE_INDUCING, SMELLY, SNEAKY, SPICY, THOUGHT_PROVOKING, TROPIC_THUNDER, ZOMBIFYING"
378,273.70001220703125,117.70001220703125,156.0,12.440909645774148,5.350000554865057,Megabean -> Banana -> Gasoline -> Energy drink -> Iodine -> Flu-meds -> Megabean -> Battery -> Cuke -> Donut -> Motor oil -> Horse semen -> Addy -> Donut -> Energy drink -> Motor oil -> Chili -> Viagra -> Cuke -> Motor oil -> Megabean -> Iodine,"ANTI_GRAVITY, ATHLETIC, BALDING, BRIGHT_EYED, CYCLOPEAN, ELECTRIFYING, ENERGIZING, EXPLOSIVE, GINGERITIS, GLOWING, JENNERISING, LAXATIVE, LONG_FACED, PARANOIA, SCHIZOPHRENIC, SEDATING, SMELLY, SNEAKY, SPICY, THOUGHT_PROVOKING, TROPIC_THUNDER, ZOMBIFYING"
379,273.70001220703125,112.70001220703125,161.0,12.440909645774148,5.122727827592329,Megabean -> Chili -> Energy drink -> Flu-meds -> Chili -> Banana -> Gasoline -> Battery -> Iodine -> Megabean -> Cuke -> Mouthwash -> Horse semen -> Addy -> Donut -> Motor oil -> Cuke -> Energy drink -> Chili -> Motor oil -> Megabean -> Iodine,"ANTI_GRAVITY, ATHLETIC, BALDING, BRIGHT_EYED, CYCLOPEAN, DISORIENTING, ELECTRIFYING, ENERGIZING, EXPLOSIVE, GINGERITIS, GLOWING, JENNERISING, LONG_FACED, PARANOIA, SCHIZOPHRENIC, SEDATING, SMELLY, SNEAKY, SPICY, THOUGHT_PROVOKING, TROPIC_THUNDER, ZOMBIFYING"
380,273.70001220703125,123.70001220703125,150.0,12.440909645774148,5.622727827592329,Megabean -> Banana -> Energy drink -> Flu-meds -> Megabean -> Energy drink -> Donut -> Chili -> Battery -> Cuke -> Addy -> Megabean -> Horse semen -> Iodine -> Motor oil -> Donut -> Mouthwash -> Viagra -> Cuke -> Donut -> Mouthwash -> Iodine,"ANTI_GRAVITY, ATHLETIC, BALDING, BRIGHT_EYED, CYCLOPEAN, ELECTRIFYING, ENERGIZING, GINGERITIS, GLOWING, JENNERISING, LAXATIVE, LONG_FACED, PARANOIA, SCHIZOPHRENIC, SEDATING, SEIZURE_INDUCING, SNEAKY, SPICY, THOUGHT_PROVOKING, TROPIC_THUNDER, ZOMBIFYING"
381,273.70001220703125,130.70001220703125,143.0,13.033333914620536,6.223810105096726,Gasoline -> Cuke -> Donut -> Gasoline -> Banana -> Battery -> Cuke -> Gasoline -> Iodine -> Megabean -> Flu-meds -> Horse semen -> Motor oil -> Cuke -> Motor oil -> Addy -> Chili -> Donut -> Mouthwash -> Megabean -> Iodine,"ANTI_GRAVITY, ATHLETIC, BALDING, BRIGHT_EYED, CYCLOPEAN, DISORIENTING, ELECTRIFYING, ENERGIZING, GINGERITIS, GLOWING, JENNERISING, LONG_FACED, PARANOIA, SCHIZOPHRENIC, SEDATING, SEIZURE_INDUCING, SMELLY, SNEAKY, SPICY, THOUGHT_PROVOKING, TROPIC_THUNDER, ZOMBIFYING"
382,273.70001220703125,123.70001220703125,150.0,13.033333914620536,5.890476771763393,Donut -> Addy -> Horse semen -> Iodine -> Donut -> Cuke -> Gasoline -> Battery -> Cuke -> Addy -> Megabean -> Mouthwash -> Horse semen -> Iodine -> Motor oil -> Viagra -> Chili -> Cuke -> Donut -> Mouthwash -> Iodine,"ANTI_GRAVITY, ATHLETIC, BALDING, BRIGHT_EYED, CYCLOPEAN, ELECTRIFYING, ENERGIZING, GINGERITIS, GLOWING, JENNERISING, LAXATIVE, LONG_FACED, SCHIZOPHRENIC, SEDATING, SEIZURE_INDUCING, SMELLY, SNEAKY, SPICY, THOUGHT_PROVOKING, TROPIC_THUNDER, ZOMBIFYING"
383,273.70001220703125,128.70001220703125,145.0,13.033333914620536,6.128572009858631,Megabean -> Banana -> Gasoline -> Energy drink -> Flu-meds -> Megabean -> Battery -> Cuke -> Donut -> Paracetamol -> Addy -> Horse semen -> Megabean -> Iodine -> Motor oil -> Viagra -> Chili -> Cuke -> Donut -> Mouthwash -> Iodine,"ANTI_GRAVITY, ATHLETIC, BALDING, BRIGHT_EYED, CYCLOPEAN, ELECTRIFYING, ENERGIZING, GINGERITIS, GLOWING, JENNERISING, LAXATIVE, LONG_FACED, SEDATING, SEIZURE_INDUCING, SMELLY, SNEAKY, SPICY, THOUGHT_PROVOKING, TROPIC_THUNDER, ZOMBIFYING"
384,273.70001220703125,111.70001220703125,162.0,13.033333914620536,5.319048200334821,Megabean -> Addy -> Gasoline -> Megabean -> Horse semen -> Chili -> Iodine -> Flu-meds -> Gasoline -> Battery -> Cuke -> Motor oil -> Cuke -> Addy -> Megabean -> Mouthwash -> Iodine -> Horse semen -> Donut -> Mouthwash -> Iodine,"ANTI_GRAVITY, ATHLETIC, BALDING, BRIGHT_EYED, CYCLOPEAN, DISORIENTING, ELECTRIFYING, ENERGIZING, GINGERITIS, GLOWING, JENNERISING, LAXATIVE, LONG_FACED, PARANOIA, SCHIZOPHRENIC, SEDATING, SMELLY, SNEAKY, SPICY, THOUGHT_PROVOKING, TROPIC_THUNDER, ZOMBIFYING"
385,273.70001220703125,123.70001220703125,150.0,13.033333914620536,5.890476771763393,Megabean -> Energy drink -> Battery -> Viagra -> Cuke -> Megabean -> Flu-meds -> Battery -> Energy drink -> Horse semen -> Addy -> Megabean -> Horse semen -> Banana -> Chili -> Viagra -> Cuke -> Motor oil -> Cuke -> Motor oil -> Mouthwash,"ANTI_GRAVITY, ATHLETIC, BALDING, BRIGHT_EYED, CYCLOPEAN, ELECTRIFYING, GINGERITIS, GLOWING, JENNERISING, LAXATIVE, LONG_FACED, REFRESHING, SCHIZOPHRENIC, SEIZURE_INDUCING, SLIPPERY, SNEAKY, SPICY, THOUGHT_PROVOKING, TROPIC_THUNDER, ZOMBIFYING"
386,273.70001220703125,132.70001220703125,141.0,13.033333914620536,6.319048200334821,Megabean -> Mouthwash -> Donut -> Cuke -> Gasoline -> Energy drink -> Chili -> Battery -> Cuke -> Addy -> Horse semen -> Megabean -> Iodine -> Motor oil -> Donut -> Mouthwash -> Viagra -> Cuke -> Donut -> Mouthwash -> Iodine,"ANTI_GRAVITY, ATHLETIC, BALDING, BRIGHT_EYED, CYCLOPEAN, ELECTRIFYING, ENERGIZING, GINGERITIS, GLOWING, JENNERISING, LAXATIVE, LONG_FACED, PARANOIA, SEDATING, SEIZURE_INDUCING, SNEAKY, SPICY, THOUGHT_PROVOKING, TROPIC_THUNDER, ZOMBIFYING"
387,273.70001220703125,124.70001220703125,149.0,13.033333914620536,5.938095819382441,Donut -> Megabean -> Flu-meds -> Energy drink -> Paracetamol -> Flu-meds -> Megabean -> Battery -> Cuke -> Horse semen -> Motor oil -> Addy -> Donut -> Energy drink -> Motor oil -> Chili -> Viagra -> Cuke -> Motor oil -> Megabean -> Iodine,"ANTI_GRAVITY, ATHLETIC, BALDING, BRIGHT_EYED, CYCLOPEAN, ELECTRIFYING, ENERGIZING, EXPLOSIVE, GINGERITIS, GLOWING, JENNERISING, LAXATIVE, LONG_FACED, PARANOIA, SCHIZOPHRENIC, SEDATING, SNEAKY, SPICY, THOUGHT_PROVOKING, TROPIC_THUNDER, ZOMBIFYING"
388,273.70001220703125,113.70001220703125,160.0,13.033333914620536,5.414286295572917,Megabean -> Energy drink -> Flu-meds -> Chili -> Megabean -> Battery -> Iodine -> Motor oil -> Megabean -> Cuke -> Mouthwash -> Horse semen -> Addy -> Donut -> Motor oil -> Cuke -> Energy drink -> Chili -> Motor oil -> Megabean -> Iodine,"ANTI_GRAVITY, ATHLETIC, BALDING, BRIGHT_EYED, CYCLOPEAN, DISORIENTING, ELECTRIFYING, ENERGIZING, EXPLOSIVE, GINGERITIS, GLOWING, JENNERISING, LONG_FACED, PARANOIA, SCHIZOPHRENIC, SEDATING, SNEAKY, SPICY, THOUGHT_PROVOKING, TROPIC_THUNDER, ZOMBIFYING"
389,273.70001220703125,126.70001220703125,147.0,13.033333914620536,6.033333914620536,Megabean -> Banana -> Iodine -> Chili -> Gasoline -> Cuke -> Energy drink -> Horse semen -> Addy -> Donut -> Mouthwash -> Donut -> Battery -> Horse semen -> Banana -> Megabean -> Horse semen -> Banana -> Cuke -> Chili -> Motor oil,"ANTI_GRAVITY, ATHLETIC, BRIGHT_EYED, CALORIE_DENSE, CYCLOPEAN, ELECTRIFYING, EXPLOSIVE, GINGERITIS, GLOWING, JENNERISING, LONG_FACED, REFRESHING, SCHIZOPHRENIC, SEDATING, SEIZURE_INDUCING, SLIPPERY, SPICY, THOUGHT_PROVOKING, TROPIC_THUNDER, ZOMBIFYING"
390,273.70001220703125,137.70001220703125,136.0,13.033333914620536,6.557143438430059,Cuke -> Megabean -> Chili -> Energy drink -> Addy -> Donut -> Battery -> Chili -> Viagra -> Cuke -> Horse semen -> Banana -> Energy drink -> Megabean -> Banana -> Chili -> Mouthwash -> Cuke -> Motor oil -> Viagra -> Cuke,"ANTI_GRAVITY, ATHLETIC, BALDING, BRIGHT_EYED, CALMING, CYCLOPEAN, ELECTRIFYING, ENERGIZING, GINGERITIS, GLOWING, JENNERISING, LONG_FACED, PARANOIA, REFRESHING, SCHIZOPHRENIC, SEDATING, SEIZURE_INDUCING, SPICY, THOUGHT_PROVOKING, TROPIC_THUNDER, ZOMBIFYING"
391,273.70001220703125,137.70001220703125,136.0,13.685000610351562,6.885000610351563,Iodine -> Horse semen -> Donut -> Cuke -> Megabean -> Flu-meds -> Motor oil -> Cuke -> Paracetamol -> Cuke -> Gasoline -> Battery -> Cuke -> Motor oil -> Addy -> Chili -> Donut -> Mouthwash -> Megabean -> Iodine,"ANTI_GRAVITY, ATHLETIC, BALDING, BRIGHT_EYED, CYCLOPEAN, ELECTRIFYING, ENERGIZING, GINGERITIS, GLOWING, JENNERISING, LONG_FACED, PARANOIA, SCHIZOPHRENIC, SEDATING, SEIZURE_INDUCING, SMELLY, SNEAKY, SPICY, THOUGHT_PROVOKING, TROPIC_THUNDER, ZOMBIFYING"
392,273.70001220703125,132.70001220703125,141.0,13.685000610351562,6.635000610351563,Donut -> Addy -> Horse semen -> Iodine -> Donut -> Cuke -> Gasoline -> Battery -> Cuke -> Addy -> Megabean -> Mouthwash -> Iodine -> Motor oil -> Viagra -> Cuke -> Chili -> Donut -> Mouthwash -> Iodine,"ANTI_GRAVITY, ATHLETIC, BALDING, BRIGHT_EYED, CYCLOPEAN, ELECTRIFYING, ENERGIZING, GINGERITIS, GLOWING, JENNERISING, LONG_FACED, SCHIZOPHRENIC, SEDATING, SEIZURE_INDUCING, SMELLY, SNEAKY, SPICY, THOUGHT_PROVOKING, TROPIC_THUNDER, ZOMBIFYING"
393,273.70001220703125,128.70001220703125,145.0,13.685000610351562,6.435000610351563,Gasoline -> Banana -> Cuke -> Flu-meds -> Gasoline -> Battery -> Cuke -> Addy -> Megabean -> Iodine -> Horse semen -> Donut -> Motor oil -> Energy drink -> Addy -> Chili -> Donut -> Mouthwash -> Megabean -> Iodine,"ANTI_GRAVITY, ATHLETIC, BALDING, BRIGHT_EYED, CYCLOPEAN, DISORIENTING, ELECTRIFYING, ENERGIZING, GINGERITIS, GLOWING, JENNERISING, LONG_FACED, PARANOIA, SEDATING, SEIZURE_INDUCING, SMELLY, SNEAKY, SPICY, THOUGHT_PROVOKING, TROPIC_THUNDER, ZOMBIFYING"
394,273.70001220703125,134.70001220703125,139.0,13.685000610351562,6.7350006103515625,Banana -> Gasoline -> Energy drink -> Cuke -> Addy -> Chili -> Flu-meds -> Megabean -> Energy drink -> Donut -> Battery -> Cuke -> Addy -> Megabean -> Chili -> Motor oil -> Viagra -> Cuke -> Mouthwash -> Iodine,"ANTI_GRAVITY, ATHLETIC, BALDING, BRIGHT_EYED, CYCLOPEAN, ELECTRIFYING, ENERGIZING, GINGERITIS, GLOWING, JENNERISING, LAXATIVE, LONG_FACED, PARANOIA, SCHIZOPHRENIC, SEDATING, SMELLY, SNEAKY, SPICY, THOUGHT_PROVOKING, TROPIC_THUNDER, ZOMBIFYING"
395,273.70001220703125,134.70001220703125,139.0,13.685000610351562,6.7350006103515625,Gasoline -> Cuke -> Motor oil -> Megabean -> Banana -> Flu-meds -> Battery -> Cuke -> Gasoline -> Horse semen -> Addy -> Donut -> Energy drink -> Motor oil -> Viagra -> Cuke -> Chili -> Motor oil -> Megabean -> Iodine,"ANTI_GRAVITY, ATHLETIC, BALDING, BRIGHT_EYED, CYCLOPEAN, ELECTRIFYING, ENERGIZING, EXPLOSIVE, GINGERITIS, GLOWING, JENNERISING, LONG_FACED, PARANOIA, SCHIZOPHRENIC, SEDATING, SMELLY, SNEAKY, SPICY, THOUGHT_PROVOKING, TROPIC_THUNDER, ZOMBIFYING"
396,273.70001220703125,115.70001220703125,158.0,13.685000610351562,5.785000610351562,Donut -> Megabean -> Addy -> Horse semen -> Battery -> Megabean -> Iodine -> Flu-meds -> Gasoline -> Mouthwash -> Addy -> Megabean -> Iodine -> Horse semen -> Motor oil -> Cuke -> Chili -> Donut -> Mouthwash -> Iodine,"ANTI_GRAVITY, ATHLETIC, BALDING, BRIGHT_EYED, CYCLOPEAN, DISORIENTING, ELECTRIFYING, ENERGIZING, GINGERITIS, GLOWING, JENNERISING, LONG_FACED, PARANOIA, SCHIZOPHRENIC, SEDATING, SMELLY, SNEAKY, SPICY, THOUGHT_PROVOKING, TROPIC_THUNDER, ZOMBIFYING"
397,273.70001220703125,134.70001220703125,139.0,13.685000610351562,6.7350006103515625,Megabean -> Chili -> Energy drink -> Banana -> Battery -> Gasoline -> Cuke -> Paracetamol -> Cuke -> Chili -> Addy -> Viagra -> Megabean -> Motor oil -> Cuke -> Iodine -> Horse semen -> Donut -> Mouthwash -> Iodine,"ANTI_GRAVITY, ATHLETIC, BALDING, BRIGHT_EYED, CYCLOPEAN, DISORIENTING, ELECTRIFYING, ENERGIZING, GINGERITIS, GLOWING, JENNERISING, LAXATIVE, LONG_FACED, SCHIZOPHRENIC, SEDATING, SMELLY, SNEAKY, SPICY, THOUGHT_PROVOKING, TROPIC_THUNDER, ZOMBIFYING"
398,273.70001220703125,132.70001220703125,141.0,13.685000610351562,6.635000610351563,Megabean -> Energy drink -> Megabean -> Banana -> Motor oil -> Viagra -> Cuke -> Donut -> Chili -> Mouthwash -> Gasoline -> Battery -> Cuke -> Addy -> Megabean -> Iodine -> Horse semen -> Donut -> Mouthwash -> Iodine,"ANTI_GRAVITY, ATHLETIC, BALDING, BRIGHT_EYED, CYCLOPEAN, DISORIENTING, ELECTRIFYING, ENERGIZING, GINGERITIS, GLOWING, JENNERISING, LAXATIVE, LONG_FACED, PARANOIA, SEDATING, SMELLY, SNEAKY, SPICY, THOUGHT_PROVOKING, TROPIC_THUNDER, ZOMBIFYING"
399,273.70001220703125,138.70001220703125,135.0,13.685000610351562,6.935000610351563,Megabean -> Chili -> Energy drink -> Battery -> Viagra -> Flu-meds -> Cuke -> Energy drink -> Addy -> Horse semen -> Megabean -> Banana -> Banana -> Chili -> Viagra -> Cuke -> Motor oil -> Cuke -> Motor oil -> Mouthwash,"ANTI_GRAVITY, ATHLETIC, BALDING, BRIGHT_EYED, CYCLOPEAN, ELECTRIFYING, GINGERITIS, GLOWING, JENNERISING, LAXATIVE, LONG_FACED, REFRESHING, SCHIZOPHRENIC, SLIPPERY, SNEAKY, SPICY, THOUGHT_PROVOKING, TROPIC_THUNDER, ZOMBIFYING"
400,273.70001220703125,126.70001220703125,147.0,13.685000610351562,6.335000610351562,Megabean -> Cuke -> Gasoline -> Banana -> Battery -> Iodine -> Motor oil -> Megabean -> Cuke -> Iodine -> Horse semen -> Donut -> Energy drink -> Motor oil -> Addy -> Chili -> Donut -> Mouthwash -> Megabean -> Iodine,"ANTI_GRAVITY, ATHLETIC, BALDING, BRIGHT_EYED, CYCLOPEAN, DISORIENTING, ELECTRIFYING, ENERGIZING, GINGERITIS, GLOWING, JENNERISING, LONG_FACED, PARANOIA, SCHIZOPHRENIC, SEDATING, SEIZURE_INDUCING, SNEAKY, SPICY, THOUGHT_PROVOKING, TROPIC_THUNDER, ZOMBIFYING"
401,273.70001220703125,126.70001220703125,147.0,13.685000610351562,6.335000610351562,Megabean -> Energy drink -> Flu-meds -> Megabean -> Battery -> Cuke -> Donut -> Horse semen -> Paracetamol -> Addy -> Megabean -> Horse semen -> Iodine -> Motor oil -> Viagra -> Chili -> Cuke -> Donut -> Mouthwash -> Iodine,"ANTI_GRAVITY, ATHLETIC, BALDING, BRIGHT_EYED, CYCLOPEAN, ELECTRIFYING, ENERGIZING, GINGERITIS, GLOWING, JENNERISING, LAXATIVE, LONG_FACED, SCHIZOPHRENIC, SEDATING, SEIZURE_INDUCING, SNEAKY, SPICY, THOUGHT_PROVOKING, TROPIC_THUNDER, ZOMBIFYING"
402,273.70001220703125,130.70001220703125,143.0,13.685000610351562,6.535000610351562,Banana -> Cuke -> Gasoline -> Iodine -> Horse semen -> Megabean -> Chili -> Energy drink -> Addy -> Donut -> Battery -> Horse semen -> Banana -> Cuke -> Chili -> Motor oil -> Megabean -> Cuke -> Mouthwash -> Iodine,"ANTI_GRAVITY, ATHLETIC, BALDING, BRIGHT_EYED, CYCLOPEAN, DISORIENTING, ELECTRIFYING, ENERGIZING, GINGERITIS, GLOWING, JENNERISING, LAXATIVE, LONG_FACED, PARANOIA, SCHIZOPHRENIC, SEDATING, SNEAKY, SPICY, THOUGHT_PROVOKING, TROPIC_THUNDER, ZOMBIFYING"
403,273.70001220703125,143.70001220703125,130.0,13.685000610351562,7.185000610351563,Donut -> Banana -> Addy -> Battery -> Horse semen -> Megabean -> Donut -> Mouthwash -> Donut -> Energy drink -> Iodine -> Megabean -> Banana -> Chili -> Viagra -> Cuke -> Mouthwash -> Viagra -> Motor oil -> Cuke,"ANTI_GRAVITY, ATHLETIC, BALDING, BRIGHT_EYED, CALMING, CYCLOPEAN, ELECTRIFYING, ENERGIZING, GINGERITIS, GLOWING, JENNERISING, LONG_FACED, REFRESHING, SCHIZOPHRENIC, SEDATING, SEIZURE_INDUCING, SPICY, THOUGHT_PROVOKING, TROPIC_THUNDER, ZOMBIFYING"
404,273.70001220703125,144.70001220703125,129.0,13.685000610351562,7.2350006103515625,Mouthwash -> Gasoline -> Chili -> Donut -> Cuke -> Addy -> Donut -> Battery -> Horse semen -> Megabean -> Energy drink -> Megabean -> Banana -> Banana -> Chili -> Mouthwash -> Cuke -> Motor oil -> Viagra -> Cuke,"ANTI_GRAVITY, ATHLETIC, BALDING, BRIGHT_EYED, CALMING, CYCLOPEAN, ELECTRIFYING, ENERGIZING, GINGERITIS, GLOWING, JENNERISING, LONG_FACED, PARANOIA, REFRESHING, SCHIZOPHRENIC, SEDATING, SPICY, THOUGHT_PROVOKING, TROPIC_THUNDER, ZOMBIFYING"
405,273.70001220703125,140.70001220703125,133.0,14.405263800370065,7.405263800370066,Gasoline -> Banana -> Cuke -> Gasoline -> Battery -> Cuke -> Megabean -> Iodine -> Horse semen -> Donut -> Cuke -> Motor oil -> Addy -> Energy drink -> Chili -> Donut -> Mouthwash -> Megabean -> Iodine,"ANTI_GRAVITY, ATHLETIC, BALDING, BRIGHT_EYED, CYCLOPEAN, ELECTRIFYING, ENERGIZING, GINGERITIS, GLOWING, JENNERISING, LONG_FACED, PARANOIA, SEDATING, SEIZURE_INDUCING, SMELLY, SNEAKY, SPICY, THOUGHT_PROVOKING, TROPIC_THUNDER, ZOMBIFYING"
406,273.70001220703125,145.70001220703125,128.0,14.405263800370065,7.6684216951069075,Banana -> Cuke -> Flu-meds -> Gasoline -> Battery -> Cuke -> Donut -> Addy -> Mouthwash -> Horse semen -> Megabean -> Iodine -> Motor oil -> Viagra -> Cuke -> Chili -> Donut -> Mouthwash -> Iodine,"ANTI_GRAVITY, ATHLETIC, BALDING, BRIGHT_EYED, CYCLOPEAN, ELECTRIFYING, ENERGIZING, GINGERITIS, GLOWING, JENNERISING, LONG_FACED, SEDATING, SEIZURE_INDUCING, SMELLY, SNEAKY, SPICY, THOUGHT_PROVOKING, TROPIC_THUNDER, ZOMBIFYING"
407,273.70001220703125,137.70001220703125,136.0,14.405263800370065,7.247369063527961,Donut -> Gasoline -> Banana -> Gasoline -> Cuke -> Megabean -> Iodine -> Addy -> Horse semen -> Donut -> Battery -> Cuke -> Addy -> Chili -> Motor oil -> Cuke -> Megabean -> Mouthwash -> Iodine,"ANTI_GRAVITY, ATHLETIC, BALDING, BRIGHT_EYED, CYCLOPEAN, ELECTRIFYING, ENERGIZING, GINGERITIS, GLOWING, JENNERISING, LONG_FACED, PARANOIA, SCHIZOPHRENIC, SEDATING, SMELLY, SNEAKY, SPICY, THOUGHT_PROVOKING, TROPIC_THUNDER, ZOMBIFYING"
408,273.70001220703125,137.70001220703125,136.0,14.405263800370065,7.247369063527961,Donut -> Gasoline -> Banana -> Gasoline -> Cuke -> Megabean -> Iodine -> Addy -> Horse semen -> Donut -> Battery -> Cuke -> Addy -> Megabean -> Chili -> Motor oil -> Cuke -> Mouthwash -> Iodine,"ANTI_GRAVITY, ATHLETIC, BALDING, BRIGHT_EYED, CYCLOPEAN, ELECTRIFYING, ENERGIZING, GINGERITIS, GLOWING, JENNERISING, LAXATIVE, LONG_FACED, SCHIZOPHRENIC, SEDATING, SMELLY, SNEAKY, SPICY, THOUGHT_PROVOKING, TROPIC_THUNDER, ZOMBIFYING"
409,273.70001220703125,138.70001220703125,135.0,14.405263800370065,7.300000642475329,Cuke -> Donut -> Gasoline -> Iodine -> Banana -> Gasoline -> Megabean -> Cuke -> Addy -> Battery -> Megabean -> Iodine -> Motor oil -> Horse semen -> Cuke -> Chili -> Donut -> Mouthwash -> Iodine,"ANTI_GRAVITY, ATHLETIC, BALDING, BRIGHT_EYED, CYCLOPEAN, DISORIENTING, ELECTRIFYING, ENERGIZING, GINGERITIS, GLOWING, JENNERISING, LONG_FACED, SCHIZOPHRENIC, SEDATING, SMELLY, SNEAKY, SPICY, THOUGHT_PROVOKING, TROPIC_THUNDER, ZOMBIFYING"
410,273.70001220703125,123.70001220703125,150.0,14.405263800370065,6.510526958264802,Mouthwash -> Energy drink -> Addy -> Megabean -> Iodine -> Horse semen -> Chili -> Donut -> Mouthwash -> Gasoline -> Battery -> Cuke -> Addy -> Megabean -> Iodine -> Horse semen -> Donut -> Mouthwash -> Iodine,"ANTI_GRAVITY, ATHLETIC, BALDING, BRIGHT_EYED, CYCLOPEAN, ELECTRIFYING, ENERGIZING, GINGERITIS, GLOWING, JENNERISING, LAXATIVE, LONG_FACED, PARANOIA, SEDATING, SMELLY, SNEAKY, SPICY, THOUGHT_PROVOKING, TROPIC_THUNDER, ZOMBIFYING"
411,273.70001220703125,131.70001220703125,142.0,14.405263800370065,6.93157958984375,Banana -> Cuke -> Horse semen -> Iodine -> Donut -> Gasoline -> Mouthwash -> Paracetamol -> Megabean -> Energy drink -> Battery -> Addy -> Megabean -> Iodine -> Horse semen -> Chili -> Donut -> Mouthwash -> Iodine,"ANTI_GRAVITY, ATHLETIC, BALDING, BRIGHT_EYED, CYCLOPEAN, DISORIENTING, ELECTRIFYING, ENERGIZING, GINGERITIS, GLOWING, JENNERISING, LONG_FACED, PARANOIA, SEDATING, SMELLY, SNEAKY, SPICY, THOUGHT_PROVOKING, TROPIC_THUNDER, ZOMBIFYING"
412,273.70001220703125,128.70001220703125,145.0,14.405263800370065,6.773684853001645,Addy -> Horse semen -> Iodine -> Banana -> Gasoline -> Cuke -> Megabean -> Flu-meds -> Energy drink -> Battery -> Chili -> Motor oil -> Megabean -> Cuke -> Iodine -> Horse semen -> Donut -> Mouthwash -> Iodine,"ANTI_GRAVITY, ATHLETIC, BALDING, BRIGHT_EYED, CYCLOPEAN, DISORIENTING, ELECTRIFYING, ENERGIZING, GINGERITIS, GLOWING, JENNERISING, LAXATIVE, LONG_FACED, SEDATING, SMELLY, SNEAKY, SPICY, THOUGHT_PROVOKING, TROPIC_THUNDER, ZOMBIFYING"
413,273.70001220703125,139.70001220703125,134.0,14.405263800370065,7.352632221422698,Donut -> Horse semen -> Viagra -> Addy -> Battery -> Horse semen -> Megabean -> Energy drink -> Megabean -> Mouthwash -> Banana -> Chili -> Cuke -> Motor oil -> Viagra -> Cuke -> Donut -> Mouthwash -> Iodine,"ANTI_GRAVITY, ATHLETIC, BALDING, BRIGHT_EYED, CYCLOPEAN, ELECTRIFYING, ENERGIZING, GINGERITIS, GLOWING, JENNERISING, LONG_FACED, PARANOIA, SCHIZOPHRENIC, SEDATING, SEIZURE_INDUCING, SNEAKY, SPICY, THOUGHT_PROVOKING, TROPIC_THUNDER, ZOMBIFYING"
414,273.70001220703125,140.70001220703125,133.0,14.405263800370065,7.405263800370066,Megabean -> Flu-meds -> Energy drink -> Donut -> Horse semen -> Addy -> Donut -> Battery -> Horse semen -> Megabean -> Banana -> Cuke -> Chili -> Viagra -> Cuke -> Motor oil -> Cuke -> Mouthwash -> Iodine,"ANTI_GRAVITY, ATHLETIC, BALDING, BRIGHT_EYED, CYCLOPEAN, ELECTRIFYING, ENERGIZING, GINGERITIS, GLOWING, JENNERISING, LONG_FACED, SCHIZOPHRENIC, SEDATING, SEIZURE_INDUCING, SNEAKY, SPICY, THOUGHT_PROVOKING, TROPIC_THUNDER, ZOMBIFYING"
415,273.70001220703125,138.70001220703125,135.0,14.405263800370065,7.300000642475329,Cuke -> Megabean -> Banana -> Gasoline -> Battery -> Cuke -> Banana -> Megabean -> Iodine -> Horse semen -> Donut -> Motor oil -> Energy drink -> Addy -> Chili -> Donut -> Mouthwash -> Megabean -> Iodine,"ANTI_GRAVITY, ATHLETIC, BALDING, BRIGHT_EYED, CYCLOPEAN, DISORIENTING, ELECTRIFYING, ENERGIZING, GINGERITIS, GLOWING, JENNERISING, LONG_FACED, PARANOIA, SEDATING, SEIZURE_INDUCING, SNEAKY, SPICY, THOUGHT_PROVOKING, TROPIC_THUNDER, ZOMBIFYING"
416,273.70001220703125,135.70001220703125,138.0,14.405263800370065,7.1421059056332235,Megabean -> Energy drink -> Flu-meds -> Megabean -> Battery -> Cuke -> Donut -> Paracetamol -> Addy -> Horse semen -> Megabean -> Iodine -> Motor oil -> Viagra -> Chili -> Cuke -> Donut -> Mouthwash -> Iodine,"ANTI_GRAVITY, ATHLETIC, BALDING, BRIGHT_EYED, CYCLOPEAN, ELECTRIFYING, ENERGIZING, GINGERITIS, GLOWING, JENNERISING, LAXATIVE, LONG_FACED, SEDATING, SEIZURE_INDUCING, SNEAKY, SPICY, THOUGHT_PROVOKING, TROPIC_THUNDER, ZOMBIFYING"
417,273.70001220703125,139.70001220703125,134.0,14.405263800370065,7.352632221422698,Iodine -> Banana -> Gasoline -> Cuke -> Megabean -> Chili -> Energy drink -> Addy -> Donut -> Battery -> Horse semen -> Banana -> Cuke -> Chili -> Motor oil -> Megabean -> Cuke -> Mouthwash -> Iodine,"ANTI_GRAVITY, ATHLETIC, BALDING, BRIGHT_EYED, CYCLOPEAN, ELECTRIFYING, ENERGIZING, GINGERITIS, GLOWING, JENNERISING, LAXATIVE, LONG_FACED, PARANOIA, SCHIZOPHRENIC, SEDATING, SNEAKY, SPICY, THOUGHT_PROVOKING, TROPIC_THUNDER, ZOMBIFYING"
418,273.70001220703125,134.70001220703125,139.0,14.405263800370065,7.089474326685855,Megabean -> Addy -> Donut -> Paracetamol -> Megabean -> Energy drink -> Flu-meds -> Iodine -> Gasoline -> Battery -> Cuke -> Gasoline -> Horse semen -> Banana -> Cuke -> Chili -> Motor oil -> Megabean -> Iodine,"ANTI_GRAVITY, ATHLETIC, BALDING, BRIGHT_EYED, CYCLOPEAN, ELECTRIFYING, ENERGIZING, EXPLOSIVE, GINGERITIS, GLOWING, JENNERISING, LONG_FACED, PARANOIA, SCHIZOPHRENIC, SEDATING, SNEAKY, SPICY, THOUGHT_PROVOKING, TROPIC_THUNDER, ZOMBIFYING"
419,273.70001220703125,139.70001220703125,134.0,14.405263800370065,7.352632221422698,Cuke -> Megabean -> Chili -> Energy drink -> Horse semen -> Addy -> Donut -> Battery -> Horse semen -> Cuke -> Banana -> Chili -> Viagra -> Cuke -> Motor oil -> Cuke -> Megabean -> Mouthwash -> Iodine,"ANTI_GRAVITY, ATHLETIC, BALDING, BRIGHT_EYED, CYCLOPEAN, DISORIENTING, ELECTRIFYING, ENERGIZING, GINGERITIS, GLOWING, JENNERISING, LONG_FACED, PARANOIA, SCHIZOPHRENIC, SEDATING, SNEAKY, SPICY, THOUGHT_PROVOKING, TROPIC_THUNDER, ZOMBIFYING"
420,273.70001220703125,136.70001220703125,137.0,14.405263800370065,7.1947374845805925,Paracetamol -> Iodine -> Megabean -> Cuke -> Gasoline -> Energy drink -> Horse semen -> Addy -> Donut -> Battery -> Horse semen -> Banana -> Cuke -> Chili -> Motor oil -> Megabean -> Cuke -> Mouthwash -> Iodine,"ANTI_GRAVITY, ATHLETIC, BALDING, BRIGHT_EYED, CYCLOPEAN, DISORIENTING, ELECTRIFYING, ENERGIZING, GINGERITIS, GLOWING, JENNERISING, LAXATIVE, LONG_FACED, SCHIZOPHRENIC, SEDATING, SNEAKY, SPICY, THOUGHT_PROVOKING, TROPIC_THUNDER, ZOMBIFYING"
421,273.70001220703125,125.70001220703125,148.0,14.405263800370065,6.615790116159539,Donut -> Addy -> Horse semen -> Battery -> Iodine -> Gasoline -> Addy -> Megabean -> Chili -> Banana -> Motor oil -> Viagra -> Cuke -> Megabean -> Iodine -> Horse semen -> Donut -> Mouthwash -> Iodine,"ANTI_GRAVITY, ATHLETIC, BALDING, BRIGHT_EYED, CYCLOPEAN, DISORIENTING, ELECTRIFYING, ENERGIZING, GINGERITIS, GLOWING, JENNERISING, LAXATIVE, LONG_FACED, PARANOIA, SEDATING, SNEAKY, SPICY, THOUGHT_PROVOKING, TROPIC_THUNDER, ZOMBIFYING"
422,273.70001220703125,134.70001220703125,139.0,14.405263800370065,7.089474326685855,Banana -> Gasoline -> Cuke -> Donut -> Iodine -> Addy -> Horse semen -> Megabean -> Battery -> Energy drink -> Addy -> Banana -> Motor oil -> Megabean -> Horse semen -> Banana -> Cuke -> Chili -> Motor oil,"ANTI_GRAVITY, ATHLETIC, BRIGHT_EYED, CALORIE_DENSE, CYCLOPEAN, ELECTRIFYING, GINGERITIS, GLOWING, JENNERISING, LONG_FACED, REFRESHING, SCHIZOPHRENIC, SEDATING, SEIZURE_INDUCING, SLIPPERY, SPICY, THOUGHT_PROVOKING, TROPIC_THUNDER, ZOMBIFYING"
423,273.70001220703125,129.70001220703125,144.0,14.405263800370065,6.826316431949013,Iodine -> Megabean -> Chili -> Energy drink -> Battery -> Viagra -> Megabean -> Chili -> Energy drink -> Horse semen -> Addy -> Megabean -> Banana -> Chili -> Cuke -> Motor oil -> Viagra -> Cuke -> Motor oil,"ANTI_GRAVITY, ATHLETIC, BALDING, BRIGHT_EYED, CALMING, CALORIE_DENSE, CYCLOPEAN, ELECTRIFYING, GINGERITIS, GLOWING, JENNERISING, LONG_FACED, SCHIZOPHRENIC, SEIZURE_INDUCING, SLIPPERY, SPICY, THOUGHT_PROVOKING, TROPIC_THUNDER, ZOMBIFYING"
424,273.70001220703125,155.70001220703125,118.0,14.405263800370065,8.194737484580592,Banana -> Cuke -> Gasoline -> Paracetamol -> Cuke -> Donut -> Horse semen -> Addy -> Donut -> Mouthwash -> Donut -> Megabean -> Banana -> Battery -> Horse semen -> Banana -> Cuke -> Chili -> Motor oil,"ANTI_GRAVITY, ATHLETIC, BRIGHT_EYED, CALORIE_DENSE, CYCLOPEAN, ELECTRIFYING, EXPLOSIVE, GINGERITIS, GLOWING, JENNERISING, LONG_FACED, REFRESHING, SCHIZOPHRENIC, SEDATING, SLIPPERY, SPICY, THOUGHT_PROVOKING, TROPIC_THUNDER, ZOMBIFYING"
425,273.70001220703125,129.70001220703125,144.0,14.405263800370065,6.826316431949013,Chili -> Mouthwash -> Iodine -> Megabean -> Energy drink -> Megabean -> Horse semen -> Battery -> Chili -> Energy drink -> Addy -> Megabean -> Banana -> Chili -> Cuke -> Motor oil -> Viagra -> Cuke -> Motor oil,"ANTI_GRAVITY, ATHLETIC, BALDING, BRIGHT_EYED, CALMING, CALORIE_DENSE, CYCLOPEAN, ELECTRIFYING, GINGERITIS, GLOWING, JENNERISING, LONG_FACED, SCHIZOPHRENIC, SLIPPERY, SPICY, THOUGHT_PROVOKING, TROPIC_THUNDER, ZOMBIFYING"
426,273.70001220703125,136.70001220703125,137.0,14.405263800370065,7.1947374845805925,Donut -> Iodine -> Addy -> Horse semen -> Megabean -> Battery -> Energy drink -> Addy -> Donut -> Megabean -> Horse semen -> Banana -> Chili -> Cuke -> Mouthwash -> Viagra -> Cuke -> Motor oil -> Cuke,"ANTI_GRAVITY, ATHLETIC, BALDING, BRIGHT_EYED, CALMING, CYCLOPEAN, ELECTRIFYING, ENERGIZING, GINGERITIS, GLOWING, JENNERISING, LONG_FACED, REFRESHING, SCHIZOPHRENIC, SEDATING, SPICY, THOUGHT_PROVOKING, TROPIC_THUNDER, ZOMBIFYING"
427,273.70001220703125,147.70001220703125,126.0,15.205556233723959,8.205556233723959,Horse semen -> Banana -> Cuke -> Flu-meds -> Gasoline -> Battery -> Cuke -> Horse semen -> Addy -> Megabean -> Mouthwash -> Motor oil -> Viagra -> Cuke -> Chili -> Donut -> Mouthwash -> Iodine,"ANTI_GRAVITY, ATHLETIC, BALDING, BRIGHT_EYED, CYCLOPEAN, ELECTRIFYING, ENERGIZING, GINGERITIS, GLOWING, JENNERISING, LONG_FACED, SCHIZOPHRENIC, SEDATING, SMELLY, SNEAKY, SPICY, THOUGHT_PROVOKING, TROPIC_THUNDER, ZOMBIFYING"
428,273.70001220703125,135.70001220703125,138.0,15.205556233723959,7.538889567057292,Chili -> Gasoline -> Banana -> Flu-meds -> Gasoline -> Cuke -> Energy drink -> Horse semen -> Mouthwash -> Battery -> Addy -> Megabean -> Iodine -> Horse semen -> Chili -> Donut -> Mouthwash -> Iodine,"ANTI_GRAVITY, ATHLETIC, BALDING, BRIGHT_EYED, CYCLOPEAN, ELECTRIFYING, ENERGIZING, GINGERITIS, GLOWING, JENNERISING, LONG_FACED, PARANOIA, SEDATING, SMELLY, SNEAKY, SPICY, THOUGHT_PROVOKING, TROPIC_THUNDER, ZOMBIFYING"
429,273.70001220703125,145.70001220703125,128.0,15.205556233723959,8.094445122612846,Chili -> Mouthwash -> Banana -> Gasoline -> Cuke -> Energy drink -> Megabean -> Horse semen -> Battery -> Chili -> Banana -> Gasoline -> Cuke -> Iodine -> Horse semen -> Donut -> Mouthwash -> Iodine,"ANTI_GRAVITY, ATHLETIC, BALDING, BRIGHT_EYED, CYCLOPEAN, ELECTRIFYING, ENERGIZING, GINGERITIS, GLOWING, JENNERISING, LAXATIVE, LONG_FACED, SEDATING, SMELLY, SNEAKY, SPICY, THOUGHT_PROVOKING, TROPIC_THUNDER, ZOMBIFYING"
430,273.70001220703125,138.70001220703125,135.0,15.205556233723959,7.705556233723958,Addy -> Horse semen -> Mouthwash -> Banana -> Gasoline -> Cuke -> Megabean -> Flu-meds -> Energy drink -> Megabean -> Battery -> Cuke -> Iodine -> Horse semen -> Chili -> Donut -> Mouthwash -> Iodine,"ANTI_GRAVITY, ATHLETIC, BALDING, BRIGHT_EYED, CYCLOPEAN, DISORIENTING, ELECTRIFYING, ENERGIZING, GINGERITIS, GLOWING, JENNERISING, LONG_FACED, SEDATING, SMELLY, SNEAKY, SPICY, THOUGHT_PROVOKING, TROPIC_THUNDER, ZOMBIFYING"
431,273.70001220703125,126.70001220703125,147.0,15.205556233723959,7.038889567057292,Addy -> Horse semen -> Megabean -> Iodine -> Chili -> Motor oil -> Megabean -> Viagra -> Energy drink -> Battery -> Addy -> Megabean -> Horse semen -> Banana -> Cuke -> Chili -> Motor oil -> Mouthwash,"ANTI_GRAVITY, ATHLETIC, BALDING, BRIGHT_EYED, CYCLOPEAN, ELECTRIFYING, GINGERITIS, GLOWING, JENNERISING, LONG_FACED, REFRESHING, SCHIZOPHRENIC, SEIZURE_INDUCING, SLIPPERY, SNEAKY, SPICY, THOUGHT_PROVOKING, TROPIC_THUNDER, ZOMBIFYING"
432,273.70001220703125,125.70001220703125,148.0,15.205556233723959,6.983334011501736,Iodine -> Megabean -> Energy drink -> Donut -> Iodine -> Addy -> Battery -> Horse semen -> Motor oil -> Battery -> Addy -> Megabean -> Horse semen -> Banana -> Cuke -> Chili -> Motor oil -> Mouthwash,"ANTI_GRAVITY, ATHLETIC, BALDING, BRIGHT_EYED, CYCLOPEAN, ELECTRIFYING, GINGERITIS, GLOWING, JENNERISING, LONG_FACED, REFRESHING, SCHIZOPHRENIC, SLIPPERY, SNEAKY, SPICY, THOUGHT_PROVOKING, TROPIC_THUNDER, ZOMBIFYING"
433,273.70001220703125,147.70001220703125,126.0,15.205556233723959,8.205556233723959,Cuke -> Gasoline -> Battery -> Cuke -> Gasoline -> Banana -> Cuke -> Iodine -> Horse semen -> Donut -> Motor oil -> Energy drink -> Addy -> Chili -> Donut -> Mouthwash -> Megabean -> Iodine,"ANTI_GRAVITY, ATHLETIC, BALDING, BRIGHT_EYED, CYCLOPEAN, ELECTRIFYING, ENERGIZING, GINGERITIS, GLOWING, JENNERISING, LONG_FACED, PARANOIA, SEDATING, SEIZURE_INDUCING, SNEAKY, SPICY, THOUGHT_PROVOKING, TROPIC_THUNDER, ZOMBIFYING"
434,273.70001220703125,141.70001220703125,132.0,15.205556233723959,7.872222900390625,Donut -> Iodine -> Megabean -> Cuke -> Gasoline -> Battery -> Cuke -> Addy -> Horse semen -> Megabean -> Iodine -> Motor oil -> Viagra -> Cuke -> Chili -> Donut -> Mouthwash -> Iodine,"ANTI_GRAVITY, ATHLETIC, BALDING, BRIGHT_EYED, CYCLOPEAN, ELECTRIFYING, ENERGIZING, GINGERITIS, GLOWING, JENNERISING, LONG_FACED, SEDATING, SEIZURE_INDUCING, SNEAKY, SPICY, THOUGHT_PROVOKING, TROPIC_THUNDER, ZOMBIFYING"
435,273.70001220703125,142.70001220703125,131.0,15.205556233723959,7.92777845594618,Iodine -> Megabean -> Donut -> Gasoline -> Cuke -> Horse semen -> Addy -> Donut -> Battery -> Horse semen -> Banana -> Cuke -> Chili -> Motor oil -> Cuke -> Megabean -> Mouthwash -> Iodine,"ANTI_GRAVITY, ATHLETIC, BALDING, BRIGHT_EYED, CYCLOPEAN, ELECTRIFYING, ENERGIZING, GINGERITIS, GLOWING, JENNERISING, LONG_FACED, PARANOIA, SCHIZOPHRENIC, SEDATING, SNEAKY, SPICY, THOUGHT_PROVOKING, TROPIC_THUNDER, ZOMBIFYING"
436,273.70001220703125,147.70001220703125,126.0,15.205556233723959,8.205556233723959,Banana -> Gasoline -> Cuke -> Megabean -> Chili -> Energy drink -> Addy -> Donut -> Battery -> Horse semen -> Banana -> Cuke -> Chili -> Motor oil -> Megabean -> Cuke -> Mouthwash -> Iodine,"ANTI_GRAVITY, ATHLETIC, BALDING, BRIGHT_EYED, CYCLOPEAN, ELECTRIFYING, ENERGIZING, GINGERITIS, GLOWING, JENNERISING, LAXATIVE, LONG_FACED, SCHIZOPHRENIC, SEDATING, SNEAKY, SPICY, THOUGHT_PROVOKING, TROPIC_THUNDER, ZOMBIFYING"
437,273.70001220703125,136.70001220703125,137.0,15.205556233723959,7.594445122612847,Donut -> Megabean -> Energy drink -> Iodine -> Horse semen -> Addy -> Battery -> Horse semen -> Banana -> Motor oil -> Viagra -> Megabean -> Cuke -> Chili -> Motor oil -> Cuke -> Mouthwash -> Iodine,"ANTI_GRAVITY, ATHLETIC, BALDING, BRIGHT_EYED, CYCLOPEAN, DISORIENTING, ELECTRIFYING, ENERGIZING, GINGERITIS, GLOWING, JENNERISING, LONG_FACED, SCHIZOPHRENIC, SEDATING, SNEAKY, SPICY, THOUGHT_PROVOKING, TROPIC_THUNDER, ZOMBIFYING"
438,273.70001220703125,143.70001220703125,130.0,15.205556233723959,7.983334011501736,Mouthwash -> Gasoline -> Chili -> Donut -> Cuke -> Addy -> Battery -> Horse semen -> Megabean -> Energy drink -> Banana -> Megabean -> Chili -> Motor oil -> Viagra -> Cuke -> Mouthwash -> Iodine,"ANTI_GRAVITY, ATHLETIC, BALDING, BRIGHT_EYED, CYCLOPEAN, ELECTRIFYING, ENERGIZING, GINGERITIS, GLOWING, JENNERISING, LAXATIVE, LONG_FACED, PARANOIA, SEDATING, SNEAKY, SPICY, THOUGHT_PROVOKING, TROPIC_THUNDER, ZOMBIFYING"
439,273.70001220703125,132.70001220703125,141.0,15.205556233723959,7.372222900390625,Donut -> Addy -> Mouthwash -> Paracetamol -> Megabean -> Horse semen -> Donut -> Mouthwash -> Energy drink -> Battery -> Addy -> Megabean -> Iodine -> Horse semen -> Chili -> Donut -> Mouthwash -> Iodine,"ANTI_GRAVITY, ATHLETIC, BALDING, BRIGHT_EYED, CYCLOPEAN, DISORIENTING, ELECTRIFYING, ENERGIZING, GINGERITIS, GLOWING, JENNERISING, LONG_FACED, PARANOIA, SEDATING, SNEAKY, SPICY, THOUGHT_PROVOKING, TROPIC_THUNDER, ZOMBIFYING"
440,273.70001220703125,143.70001220703125,130.0,15.205556233723959,7.983334011501736,Donut -> Iodine -> Gasoline -> Cuke -> Addy -> Donut -> Battery -> Horse semen -> Megabean -> Energy drink -> Banana -> Chili -> Viagra -> Megabean -> Motor oil -> Cuke -> Mouthwash -> Iodine,"ANTI_GRAVITY, ATHLETIC, BALDING, BRIGHT_EYED, CYCLOPEAN, DISORIENTING, ELECTRIFYING, ENERGIZING, GINGERITIS, GLOWING, JENNERISING, LAXATIVE, LONG_FACED, SEDATING, SNEAKY, SPICY, THOUGHT_PROVOKING, TROPIC_THUNDER, ZOMBIFYING"
441,273.70001220703125,148.70001220703125,125.0,15.205556233723959,8.261111789279514,Iodine -> Megabean -> Donut -> Motor oil -> Cuke -> Addy -> Battery -> Gasoline -> Motor oil -> Viagra -> Cuke -> Megabean -> Banana -> Horse semen -> Banana -> Cuke -> Chili -> Motor oil,"ANTI_GRAVITY, ATHLETIC, BRIGHT_EYED, CALORIE_DENSE, CYCLOPEAN, ELECTRIFYING, GINGERITIS, GLOWING, JENNERISING, LONG_FACED, REFRESHING, SCHIZOPHRENIC, SEDATING, SLIPPERY, SPICY, THOUGHT_PROVOKING, TROPIC_THUNDER, ZOMBIFYING"
442,273.70001220703125,147.70001220703125,126.0,16.100000718060663,8.688236012178308,Horse semen -> Mouthwash -> Banana -> Gasoline -> Cuke -> Megabean -> Flu-meds -> Energy drink -> Megabean -> Battery -> Cuke -> Iodine -> Horse semen -> Chili -> Donut -> Mouthwash -> Iodine,"ANTI_GRAVITY, ATHLETIC, BALDING, BRIGHT_EYED, CYCLOPEAN, ELECTRIFYING, ENERGIZING, GINGERITIS, GLOWING, JENNERISING, LONG_FACED, SEDATING, SMELLY, SNEAKY, SPICY, THOUGHT_PROVOKING, TROPIC_THUNDER, ZOMBIFYING"
443,273.70001220703125,150.70001220703125,123.0,16.100000718060663,8.864706600413603,Cuke -> Megabean -> Chili -> Energy drink -> Addy -> Donut -> Battery -> Horse semen -> Banana -> Megabean -> Viagra -> Cuke -> Chili -> Motor oil -> Cuke -> Mouthwash -> Iodine,"ANTI_GRAVITY, ATHLETIC, BALDING, BRIGHT_EYED, CYCLOPEAN, ELECTRIFYING, ENERGIZING, GINGERITIS, GLOWING, JENNERISING, LONG_FACED, SCHIZOPHRENIC, SEDATING, SNEAKY, SPICY, THOUGHT_PROVOKING, TROPIC_THUNDER, ZOMBIFYING"
444,273.70001220703125,153.70001220703125,120.0,16.100000718060663,9.041177188648897,Donut -> Addy -> Mouthwash -> Battery -> Horse semen -> Megabean -> Banana -> Donut -> Mouthwash -> Energy drink -> Megabean -> Viagra -> Cuke -> Chili -> Donut -> Mouthwash -> Iodine,"ANTI_GRAVITY, ATHLETIC, BALDING, BRIGHT_EYED, CYCLOPEAN, ELECTRIFYING, ENERGIZING, GINGERITIS, GLOWING, JENNERISING, LONG_FACED, PARANOIA, SEDATING, SNEAKY, SPICY, THOUGHT_PROVOKING, TROPIC_THUNDER, ZOMBIFYING"
445,273.70001220703125,140.70001220703125,133.0,16.100000718060663,8.276471306295957,Horse semen -> Chili -> Mouthwash -> Gasoline -> Iodine -> Flu-meds -> Energy drink -> Addy -> Megabean -> Banana -> Battery -> Horse semen -> Chili -> Cuke -> Donut -> Mouthwash -> Iodine,"ANTI_GRAVITY, ATHLETIC, BALDING, BRIGHT_EYED, CYCLOPEAN, ELECTRIFYING, ENERGIZING, GINGERITIS, GLOWING, JENNERISING, LAXATIVE, LONG_FACED, SEDATING, SNEAKY, SPICY, THOUGHT_PROVOKING, TROPIC_THUNDER, ZOMBIFYING"
446,273.70001220703125,139.70001220703125,134.0,16.100000718060663,8.217647776884192,Horse semen -> Addy -> Megabean -> Flu-meds -> Gasoline -> Energy drink -> Paracetamol -> Megabean -> Mouthwash -> Battery -> Cuke -> Iodine -> Horse semen -> Chili -> Donut -> Mouthwash -> Iodine,"ANTI_GRAVITY, ATHLETIC, BALDING, BRIGHT_EYED, CYCLOPEAN, DISORIENTING, ELECTRIFYING, ENERGIZING, GINGERITIS, GLOWING, JENNERISING, LONG_FACED, SEDATING, SNEAKY, SPICY, THOUGHT_PROVOKING, TROPIC_THUNDER, ZOMBIFYING"
447,273.70001220703125,152.70001220703125,121.0,17.106250762939453,9.543750762939453,Megabean -> Cuke -> Horse semen -> Gasoline -> Banana -> Mouthwash -> Battery -> Megabean -> Iodine -> Horse semen -> Motor oil -> Cuke -> Chili -> Donut -> Mouthwash -> Iodine,"ANTI_GRAVITY, ATHLETIC, BALDING, BRIGHT_EYED, CYCLOPEAN, ELECTRIFYING, ENERGIZING, GINGERITIS, GLOWING, JENNERISING, LONG_FACED, SEDATING, SNEAKY, SPICY, THOUGHT_PROVOKING, TROPIC_THUNDER, ZOMBIFYING"
448,273.0,118.0,155.0,11.869565217391305,5.130434782608695,Chili -> Gasoline -> Banana -> Megabean -> Cuke -> Addy -> Gasoline -> Battery -> Flu-meds -> Cuke -> Iodine -> Horse semen -> Donut -> Energy drink -> Megabean -> Mouthwash -> Donut -> Iodine -> Viagra -> Chili -> Motor oil -> Cuke -> Motor oil,"ANTI_GRAVITY, ATHLETIC, BALDING, BRIGHT_EYED, CALMING, CYCLOPEAN, ELECTRIFYING, EXPLOSIVE, GINGERITIS, GLOWING, JENNERISING, LAXATIVE, LONG_FACED, SCHIZOPHRENIC, SEDATING, SEIZURE_INDUCING, SLIPPERY, SMELLY, SPICY, THOUGHT_PROVOKING, TROPIC_THUNDER, ZOMBIFYING"
449,273.0,120.0,153.0,12.409090909090908,5.454545454545454,Chili -> Gasoline -> Banana -> Megabean -> Addy -> Gasoline -> Battery -> Flu-meds -> Cuke -> Iodine -> Horse semen -> Donut -> Energy drink -> Megabean -> Mouthwash -> Donut -> Iodine -> Viagra -> Chili -> Motor oil -> Cuke -> Motor oil,"ANTI_GRAVITY, ATHLETIC, BALDING, BRIGHT_EYED, CALMING, CYCLOPEAN, ELECTRIFYING, EXPLOSIVE, GINGERITIS, GLOWING, JENNERISING, LONG_FACED, SCHIZOPHRENIC, SEDATING, SEIZURE_INDUCING, SLIPPERY, SMELLY, SPICY, THOUGHT_PROVOKING, TROPIC_THUNDER, ZOMBIFYING"
450,273.0,130.0,143.0,12.409090909090908,5.909090909090909,Megabean -> Cuke -> Banana -> Gasoline -> Battery -> Cuke -> Iodine -> Megabean -> Flu-meds -> Banana -> Horse semen -> Donut -> Energy drink -> Megabean -> Mouthwash -> Donut -> Iodine -> Viagra -> Chili -> Motor oil -> Cuke -> Motor oil,"ANTI_GRAVITY, ATHLETIC, BALDING, BRIGHT_EYED, CALMING, CYCLOPEAN, ELECTRIFYING, EXPLOSIVE, GINGERITIS, GLOWING, JENNERISING, LAXATIVE, LONG_FACED, SCHIZOPHRENIC, SEDATING, SEIZURE_INDUCING, SLIPPERY, SPICY, THOUGHT_PROVOKING, TROPIC_THUNDER, ZOMBIFYING"
451,273.0,123.0,150.0,13.0,5.857142857142857,Chili -> Gasoline -> Banana -> Megabean -> Addy -> Gasoline -> Battery -> Flu-meds -> Cuke -> Iodine -> Horse semen -> Donut -> Energy drink -> Megabean -> Mouthwash -> Iodine -> Viagra -> Chili -> Motor oil -> Cuke -> Motor oil,"ANTI_GRAVITY, ATHLETIC, BALDING, BRIGHT_EYED, CALMING, CYCLOPEAN, ELECTRIFYING, GINGERITIS, GLOWING, JENNERISING, LAXATIVE, LONG_FACED, SCHIZOPHRENIC, SEDATING, SEIZURE_INDUCING, SLIPPERY, SMELLY, SPICY, THOUGHT_PROVOKING, TROPIC_THUNDER, ZOMBIFYING"
452,273.0,131.0,142.0,13.0,6.238095238095238,Paracetamol -> Iodine -> Megabean -> Chili -> Energy drink -> Horse semen -> Addy -> Donut -> Battery -> Motor oil -> Cuke -> Paracetamol -> Horse semen -> Cuke -> Banana -> Megabean -> Banana -> Chili -> Viagra -> Cuke -> Motor oil,"ANTI_GRAVITY, BALDING, BRIGHT_EYED, CALORIE_DENSE, CYCLOPEAN, ELECTRIFYING, EXPLOSIVE, GINGERITIS, GLOWING, JENNERISING, LONG_FACED, REFRESHING, SCHIZOPHRENIC, SEDATING, SEIZURE_INDUCING, SLIPPERY, SPICY, THOUGHT_PROVOKING, TROPIC_THUNDER, ZOMBIFYING"
453,273.0,120.0,153.0,13.0,5.714285714285714,Donut -> Megabean -> Addy -> Battery -> Flu-meds -> Iodine -> Horse semen -> Donut -> Megabean -> Chili -> Viagra -> Energy drink -> Megabean -> Mouthwash -> Donut -> Iodine -> Viagra -> Chili -> Motor oil -> Cuke -> Motor oil,"ANTI_GRAVITY, ATHLETIC, BALDING, BRIGHT_EYED, CALMING, CYCLOPEAN, ELECTRIFYING, EXPLOSIVE, GINGERITIS, GLOWING, JENNERISING, LONG_FACED, SCHIZOPHRENIC, SEDATING, SEIZURE_INDUCING, SLIPPERY, SPICY, THOUGHT_PROVOKING, TROPIC_THUNDER, ZOMBIFYING"
454,273.0,120.0,153.0,13.65,6.0,Megabean -> Horse semen -> Flu-meds -> Addy -> Megabean -> Gasoline -> Energy drink -> Battery -> Flu-meds -> Chili -> Cuke -> Megabean -> Iodine -> Motor oil -> Horse semen -> Donut -> Iodine -> Viagra -> Cuke -> Motor oil,"ANTI_GRAVITY, ATHLETIC, BALDING, BRIGHT_EYED, CALMING, CYCLOPEAN, ELECTRIFYING, EXPLOSIVE, GINGERITIS, GLOWING, JENNERISING, LAXATIVE, LONG_FACED, SCHIZOPHRENIC, SEDATING, SLIPPERY, SMELLY, SPICY, THOUGHT_PROVOKING, TROPIC_THUNDER, ZOMBIFYING"
455,273.0,128.0,145.0,13.65,6.4,Megabean -> Banana -> Gasoline -> Energy drink -> Flu-meds -> Chili -> Battery -> Iodine -> Addy -> Horse semen -> Donut -> Megabean -> Cuke -> Megabean -> Mouthwash -> Iodine -> Motor oil -> Viagra -> Cuke -> Motor oil,"ANTI_GRAVITY, ATHLETIC, BALDING, BRIGHT_EYED, CALMING, CYCLOPEAN, ELECTRIFYING, GINGERITIS, GLOWING, JENNERISING, LAXATIVE, LONG_FACED, SCHIZOPHRENIC, SEDATING, SLIPPERY, SMELLY, SPICY, THOUGHT_PROVOKING, TROPIC_THUNDER, ZOMBIFYING"
456,273.0,128.0,145.0,13.65,6.4,Megabean -> Energy drink -> Flu-meds -> Chili -> Megabean -> Battery -> Cuke -> Donut -> Iodine -> Addy -> Horse semen -> Mouthwash -> Donut -> Megabean -> Mouthwash -> Iodine -> Motor oil -> Viagra -> Cuke -> Motor oil,"ANTI_GRAVITY, ATHLETIC, BALDING, BRIGHT_EYED, CALMING, CYCLOPEAN, ELECTRIFYING, GINGERITIS, GLOWING, JENNERISING, LAXATIVE, LONG_FACED, SCHIZOPHRENIC, SEDATING, SEIZURE_INDUCING, SLIPPERY, SPICY, THOUGHT_PROVOKING, TROPIC_THUNDER, ZOMBIFYING"
457,273.0,143.0,130.0,14.368421052631579,7.526315789473684,Banana -> Cuke -> Flu-meds -> Chili -> Gasoline -> Battery -> Cuke -> Donut -> Iodine -> Addy -> Horse semen -> Donut -> Megabean -> Mouthwash -> Iodine -> Motor oil -> Viagra -> Cuke -> Motor oil,"ANTI_GRAVITY, ATHLETIC, BALDING, BRIGHT_EYED, CALMING, CYCLOPEAN, ELECTRIFYING, GINGERITIS, GLOWING, JENNERISING, LONG_FACED, SCHIZOPHRENIC, SEDATING, SEIZURE_INDUCING, SLIPPERY, SMELLY, SPICY, THOUGHT_PROVOKING, TROPIC_THUNDER, ZOMBIFYING"
458,273.0,138.0,135.0,14.368421052631579,7.2631578947368425,Chili -> Gasoline -> Banana -> Megabean -> Cuke -> Addy -> Gasoline -> Battery -> Flu-meds -> Cuke -> Megabean -> Iodine -> Horse semen -> Donut -> Motor oil -> Iodine -> Viagra -> Cuke -> Motor oil,"ANTI_GRAVITY, ATHLETIC, BALDING, BRIGHT_EYED, CALMING, CYCLOPEAN, ELECTRIFYING, EXPLOSIVE, GINGERITIS, GLOWING, JENNERISING, LONG_FACED, SCHIZOPHRENIC, SEDATING, SLIPPERY, SMELLY, SPICY, THOUGHT_PROVOKING, TROPIC_THUNDER, ZOMBIFYING"
459,273.0,147.0,126.0,14.368421052631579,7.7368421052631575,Mouthwash -> Horse semen -> Donut -> Cuke -> Megabean -> Energy drink -> Addy -> Donut -> Mouthwash -> Battery -> Horse semen -> Cuke -> Banana -> Megabean -> Banana -> Chili -> Viagra -> Cuke -> Motor oil,"ANTI_GRAVITY, BALDING, BRIGHT_EYED, CALORIE_DENSE, CYCLOPEAN, ELECTRIFYING, GINGERITIS, GLOWING, JENNERISING, LONG_FACED, REFRESHING, SCHIZOPHRENIC, SEDATING, SEIZURE_INDUCING, SLIPPERY, SPICY, THOUGHT_PROVOKING, TROPIC_THUNDER, ZOMBIFYING"
460,273.0,159.0,114.0,14.368421052631579,8.368421052631579,Megabean -> Cuke -> Donut -> Banana -> Paracetamol -> Cuke -> Gasoline -> Energy drink -> Battery -> Viagra -> Cuke -> Megabean -> Flu-meds -> Banana -> Horse semen -> Banana -> Cuke -> Chili -> Motor oil,"ANTI_GRAVITY, BALDING, BRIGHT_EYED, CALORIE_DENSE, CYCLOPEAN, ELECTRIFYING, EXPLOSIVE, GINGERITIS, GLOWING, JENNERISING, LONG_FACED, REFRESHING, SCHIZOPHRENIC, SEDATING, SLIPPERY, SPICY, THOUGHT_PROVOKING, TROPIC_THUNDER, ZOMBIFYING"
461,273.0,125.0,148.0,14.368421052631579,6.578947368421052,Megabean -> Horse semen -> Addy -> Megabean -> Gasoline -> Energy drink -> Battery -> Flu-meds -> Chili -> Cuke -> Megabean -> Iodine -> Motor oil -> Horse semen -> Donut -> Iodine -> Viagra -> Cuke -> Motor oil,"ANTI_GRAVITY, ATHLETIC, BALDING, BRIGHT_EYED, CALMING, CYCLOPEAN, ELECTRIFYING, EXPLOSIVE, GINGERITIS, GLOWING, JENNERISING, LAXATIVE, LONG_FACED, SCHIZOPHRENIC, SEDATING, SLIPPERY, SPICY, THOUGHT_PROVOKING, TROPIC_THUNDER, ZOMBIFYING"
462,273.0,138.0,135.0,14.368421052631579,7.2631578947368425,Megabean -> Energy drink -> Chili -> Flu-meds -> Megabean -> Cuke -> Donut -> Addy -> Donut -> Mouthwash -> Battery -> Horse semen -> Cuke -> Megabean -> Iodine -> Motor oil -> Viagra -> Cuke -> Motor oil,"ANTI_GRAVITY, ATHLETIC, BALDING, BRIGHT_EYED, CALMING, CYCLOPEAN, ELECTRIFYING, GINGERITIS, GLOWING, JENNERISING, LAXATIVE, LONG_FACED, SCHIZOPHRENIC, SEDATING, SLIPPERY, SPICY, THOUGHT_PROVOKING, TROPIC_THUNDER, ZOMBIFYING"
463,273.0,146.0,127.0,15.166666666666666,8.11111111111111,Banana -> Cuke -> Flu-meds -> Chili -> Gasoline -> Battery -> Cuke -> Iodine -> Addy -> Horse semen -> Donut -> Megabean -> Mouthwash -> Iodine -> Motor oil -> Viagra -> Cuke -> Motor oil,"ANTI_GRAVITY, ATHLETIC, BALDING, BRIGHT_EYED, CALMING, CYCLOPEAN, ELECTRIFYING, GINGERITIS, GLOWING, JENNERISING, LONG_FACED, SCHIZOPHRENIC, SEDATING, SLIPPERY, SMELLY, SPICY, THOUGHT_PROVOKING, TROPIC_THUNDER, ZOMBIFYING"
464,273.0,142.0,131.0,15.166666666666666,7.888888888888889,Cuke -> Chili -> Gasoline -> Battery -> Cuke -> Iodine -> Donut -> Iodine -> Addy -> Horse semen -> Donut -> Megabean -> Mouthwash -> Iodine -> Motor oil -> Viagra -> Cuke -> Motor oil,"ANTI_GRAVITY, ATHLETIC, BALDING, BRIGHT_EYED, CALMING, CYCLOPEAN, ELECTRIFYING, GINGERITIS, GLOWING, JENNERISING, LONG_FACED, SCHIZOPHRENIC, SEDATING, SEIZURE_INDUCING, SLIPPERY, SPICY, THOUGHT_PROVOKING, TROPIC_THUNDER, ZOMBIFYING"
465,273.0,149.0,124.0,15.166666666666666,8.277777777777779,Mouthwash -> Iodine -> Gasoline -> Cuke -> Horse semen -> Donut -> Addy -> Donut -> Mouthwash -> Megabean -> Banana -> Battery -> Horse semen -> Banana -> Cuke -> Chili -> Motor oil -> Viagra,"ANTI_GRAVITY, BALDING, BRIGHT_EYED, CALORIE_DENSE, CYCLOPEAN, ELECTRIFYING, GINGERITIS, GLOWING, JENNERISING, LONG_FACED, REFRESHING, SCHIZOPHRENIC, SEDATING, SLIPPERY, SPICY, THOUGHT_PROVOKING, TROPIC_THUNDER, ZOMBIFYING"
466,273.0,144.0,129.0,15.166666666666666,8.0,Megabean -> Chili -> Energy drink -> Donut -> Battery -> Flu-meds -> Megabean -> Cuke -> Banana -> Paracetamol -> Horse semen -> Megabean -> Iodine -> Viagra -> Chili -> Motor oil -> Cuke -> Motor oil,"ANTI_GRAVITY, ATHLETIC, BALDING, BRIGHT_EYED, CALMING, CYCLOPEAN, ELECTRIFYING, EXPLOSIVE, GINGERITIS, GLOWING, JENNERISING, LONG_FACED, SCHIZOPHRENIC, SEDATING, SLIPPERY, SPICY, THOUGHT_PROVOKING, TROPIC_THUNDER, ZOMBIFYING"
467,273.0,146.0,127.0,16.058823529411764,8.588235294117647,Mouthwash -> Megabean -> Chili -> Energy drink -> Battery -> Flu-meds -> Megabean -> Chili -> Cuke -> Banana -> Horse semen -> Megabean -> Iodine -> Motor oil -> Viagra -> Cuke -> Motor oil,"ANTI_GRAVITY, ATHLETIC, BALDING, BRIGHT_EYED, CALMING, CYCLOPEAN, ELECTRIFYING, GINGERITIS, GLOWING, JENNERISING, LONG_FACED, SCHIZOPHRENIC, SEDATING, SLIPPERY, SPICY, THOUGHT_PROVOKING, TROPIC_THUNDER, ZOMBIFYING"
468,272.3000183105469,110.30001831054688,162.0,10.892000732421875,4.412000732421875,Cuke -> Megabean -> Chili -> Energy drink -> Addy -> Donut -> Battery -> Chili -> Viagra -> Cuke -> Horse semen -> Banana -> Energy drink -> Megabean -> Banana -> Chili -> Cuke -> Viagra -> Cuke -> Energy drink -> Chili -> Motor oil -> Energy drink -> Chili -> Mouthwash,"ANTI_GRAVITY, ATHLETIC, BALDING, BRIGHT_EYED, CYCLOPEAN, DISORIENTING, ELECTRIFYING, EUPHORIC, GINGERITIS, JENNERISING, LONG_FACED, REFRESHING, SEDATING, SEIZURE_INDUCING, SLIPPERY, SNEAKY, SPICY, THOUGHT_PROVOKING, TOXIC, TROPIC_THUNDER, ZOMBIFYING"
469,272.3000183105469,115.30001831054688,157.0,11.345834096272787,4.80416742960612,Mouthwash -> Horse semen -> Gasoline -> Donut -> Cuke -> Addy -> Donut -> Battery -> Horse semen -> Megabean -> Energy drink -> Megabean -> Banana -> Banana -> Chili -> Cuke -> Viagra -> Cuke -> Energy drink -> Chili -> Motor oil -> Energy drink -> Chili -> Mouthwash,"ANTI_GRAVITY, ATHLETIC, BALDING, BRIGHT_EYED, CYCLOPEAN, ELECTRIFYING, EUPHORIC, GINGERITIS, JENNERISING, LONG_FACED, REFRESHING, SEDATING, SEIZURE_INDUCING, SLIPPERY, SNEAKY, SPICY, THOUGHT_PROVOKING, TOXIC, TROPIC_THUNDER, ZOMBIFYING"
470,272.3000183105469,115.30001831054688,157.0,11.345834096272787,4.80416742960612,Mouthwash -> Horse semen -> Gasoline -> Donut -> Cuke -> Addy -> Donut -> Battery -> Horse semen -> Megabean -> Banana -> Chili -> Banana -> Cuke -> Viagra -> Energy drink -> Cuke -> Chili -> Energy drink -> Chili -> Motor oil -> Energy drink -> Chili -> Mouthwash,"ANTI_GRAVITY, ATHLETIC, BALDING, BRIGHT_EYED, CYCLOPEAN, DISORIENTING, ELECTRIFYING, EUPHORIC, GINGERITIS, JENNERISING, LONG_FACED, REFRESHING, SEDATING, SLIPPERY, SNEAKY, SPICY, THOUGHT_PROVOKING, TOXIC, TROPIC_THUNDER, ZOMBIFYING"
471,272.3000183105469,122.30001831054688,150.0,11.839131230893342,5.31739210045856,Mouthwash -> Horse semen -> Gasoline -> Donut -> Cuke -> Addy -> Donut -> Battery -> Horse semen -> Megabean -> Banana -> Banana -> Cuke -> Energy drink -> Viagra -> Cuke -> Chili -> Energy drink -> Chili -> Motor oil -> Energy drink -> Chili -> Mouthwash,"ANTI_GRAVITY, ATHLETIC, BALDING, BRIGHT_EYED, CYCLOPEAN, ELECTRIFYING, EUPHORIC, GINGERITIS, JENNERISING, LONG_FACED, REFRESHING, SEDATING, SLIPPERY, SNEAKY, SPICY, THOUGHT_PROVOKING, TOXIC, TROPIC_THUNDER, ZOMBIFYING"
472,272.3000183105469,123.30001831054688,149.0,11.839131230893342,5.360870361328125,Cuke -> Megabean -> Chili -> Energy drink -> Addy -> Donut -> Battery -> Chili -> Viagra -> Cuke -> Horse semen -> Banana -> Energy drink -> Megabean -> Banana -> Chili -> Cuke -> Viagra -> Cuke -> Motor oil -> Energy drink -> Chili -> Mouthwash,"ANTI_GRAVITY, ATHLETIC, BALDING, BRIGHT_EYED, CYCLOPEAN, DISORIENTING, ELECTRIFYING, EUPHORIC, GINGERITIS, JENNERISING, LONG_FACED, REFRESHING, SEDATING, SEIZURE_INDUCING, SLIPPERY, SNEAKY, SPICY, THOUGHT_PROVOKING, TROPIC_THUNDER, ZOMBIFYING"
473,272.3000183105469,113.30001831054688,159.0,11.839131230893342,4.926087752632473,Banana -> Iodine -> Gasoline -> Cuke -> Donut -> Addy -> Horse semen -> Donut -> Battery -> Megabean -> Motor oil -> Cuke -> Energy drink -> Gasoline -> Iodine -> Addy -> Megabean -> Donut -> Mouthwash -> Horse semen -> Chili -> Donut -> Mouthwash,"ANTI_GRAVITY, ATHLETIC, BALDING, BRIGHT_EYED, CYCLOPEAN, DISORIENTING, ELECTRIFYING, ENERGIZING, EUPHORIC, FOGGY, GLOWING, LONG_FACED, PARANOIA, REFRESHING, SEDATING, SLIPPERY, SMELLY, SNEAKY, SPICY, TROPIC_THUNDER, ZOMBIFYING"
474,272.3000183105469,116.30001831054688,156.0,12.377273559570312,5.286364468661222,Gasoline -> Cuke -> Iodine -> Horse semen -> Flu-meds -> Donut -> Battery -> Megabean -> Energy drink -> Paracetamol -> Flu-meds -> Energy drink -> Gasoline -> Iodine -> Addy -> Megabean -> Donut -> Mouthwash -> Horse semen -> Chili -> Donut -> Mouthwash,"ANTI_GRAVITY, ATHLETIC, BALDING, BRIGHT_EYED, CYCLOPEAN, DISORIENTING, ELECTRIFYING, ENERGIZING, EUPHORIC, FOGGY, GLOWING, LONG_FACED, PARANOIA, REFRESHING, SEDATING, SLIPPERY, SMELLY, SNEAKY, SPICY, TOXIC, TROPIC_THUNDER, ZOMBIFYING"
475,272.3000183105469,112.30001831054688,160.0,12.377273559570312,5.10454628684304,Donut -> Megabean -> Addy -> Horse semen -> Megabean -> Battery -> Iodine -> Motor oil -> Gasoline -> Flu-meds -> Viagra -> Cuke -> Energy drink -> Gasoline -> Addy -> Megabean -> Donut -> Mouthwash -> Horse semen -> Chili -> Donut -> Mouthwash,"ANTI_GRAVITY, ATHLETIC, BALDING, BRIGHT_EYED, CYCLOPEAN, DISORIENTING, ELECTRIFYING, ENERGIZING, EUPHORIC, FOGGY, GLOWING, LONG_FACED, REFRESHING, SEDATING, SLIPPERY, SMELLY, SNEAKY, SPICY, TOXIC, TROPIC_THUNDER, ZOMBIFYING"
476,272.3000183105469,128.30001831054688,144.0,12.377273559570312,5.831819014115767,Mouthwash -> Horse semen -> Gasoline -> Donut -> Cuke -> Addy -> Donut -> Battery -> Horse semen -> Megabean -> Energy drink -> Megabean -> Banana -> Banana -> Chili -> Cuke -> Viagra -> Cuke -> Motor oil -> Energy drink -> Chili -> Mouthwash,"ANTI_GRAVITY, ATHLETIC, BALDING, BRIGHT_EYED, CYCLOPEAN, ELECTRIFYING, EUPHORIC, GINGERITIS, JENNERISING, LONG_FACED, REFRESHING, SEDATING, SEIZURE_INDUCING, SLIPPERY, SNEAKY, SPICY, THOUGHT_PROVOKING, TROPIC_THUNDER, ZOMBIFYING"
477,272.3000183105469,128.30001831054688,144.0,12.377273559570312,5.831819014115767,Mouthwash -> Horse semen -> Gasoline -> Donut -> Cuke -> Addy -> Donut -> Battery -> Horse semen -> Megabean -> Banana -> Chili -> Banana -> Cuke -> Viagra -> Energy drink -> Cuke -> Chili -> Motor oil -> Energy drink -> Chili -> Mouthwash,"ANTI_GRAVITY, ATHLETIC, BALDING, BRIGHT_EYED, CYCLOPEAN, DISORIENTING, ELECTRIFYING, EUPHORIC, GINGERITIS, JENNERISING, LONG_FACED, REFRESHING, SEDATING, SLIPPERY, SNEAKY, SPICY, THOUGHT_PROVOKING, TROPIC_THUNDER, ZOMBIFYING"
478,272.3000183105469,109.30001831054688,163.0,12.96666753859747,5.204762776692708,Addy -> Megabean -> Energy drink -> Flu-meds -> Battery -> Megabean -> Iodine -> Horse semen -> Donut -> Motor oil -> Energy drink -> Gasoline -> Iodine -> Addy -> Megabean -> Donut -> Mouthwash -> Horse semen -> Chili -> Donut -> Mouthwash,"ANTI_GRAVITY, ATHLETIC, BALDING, BRIGHT_EYED, CYCLOPEAN, ELECTRIFYING, ENERGIZING, EUPHORIC, FOGGY, GLOWING, LONG_FACED, PARANOIA, REFRESHING, SEDATING, SLIPPERY, SMELLY, SNEAKY, SPICY, TOXIC, TROPIC_THUNDER, ZOMBIFYING"
479,272.3000183105469,125.30001831054688,147.0,12.96666753859747,5.96666753859747,Donut -> Addy -> Mouthwash -> Battery -> Flu-meds -> Megabean -> Cuke -> Donut -> Energy drink -> Gasoline -> Horse semen -> Iodine -> Addy -> Banana -> Megabean -> Donut -> Mouthwash -> Horse semen -> Chili -> Donut -> Mouthwash,"ANTI_GRAVITY, ATHLETIC, BALDING, BRIGHT_EYED, CYCLOPEAN, DISORIENTING, ELECTRIFYING, ENERGIZING, EUPHORIC, FOGGY, GLOWING, LONG_FACED, PARANOIA, REFRESHING, SEDATING, SLIPPERY, SNEAKY, SPICY, TOXIC, TROPIC_THUNDER, ZOMBIFYING"
480,272.3000183105469,120.30001831054688,152.0,12.96666753859747,5.728572300502232,Cuke -> Donut -> Iodine -> Addy -> Horse semen -> Battery -> Megabean -> Donut -> Motor oil -> Energy drink -> Gasoline -> Iodine -> Addy -> Banana -> Megabean -> Donut -> Mouthwash -> Horse semen -> Chili -> Donut -> Mouthwash,"ANTI_GRAVITY, ATHLETIC, BALDING, BRIGHT_EYED, CYCLOPEAN, ELECTRIFYING, ENERGIZING, EUPHORIC, FOGGY, GLOWING, LONG_FACED, PARANOIA, REFRESHING, SEDATING, SLIPPERY, SNEAKY, SPICY, TOXIC, TROPIC_THUNDER, ZOMBIFYING"
481,272.3000183105469,137.30001831054688,135.0,12.96666753859747,6.538096110026042,Banana -> Gasoline -> Megabean -> Cuke -> Donut -> Addy -> Donut -> Paracetamol -> Battery -> Horse semen -> Cuke -> Chili -> Banana -> Energy drink -> Megabean -> Horse semen -> Banana -> Cuke -> Chili -> Motor oil -> Viagra,"ANTI_GRAVITY, BALDING, BRIGHT_EYED, CALORIE_DENSE, CYCLOPEAN, ELECTRIFYING, EXPLOSIVE, GINGERITIS, GLOWING, JENNERISING, LONG_FACED, REFRESHING, SCHIZOPHRENIC, SEIZURE_INDUCING, SLIPPERY, SNEAKY, SPICY, THOUGHT_PROVOKING, TROPIC_THUNDER, ZOMBIFYING"
482,272.3000183105469,135.30001831054688,137.0,12.96666753859747,6.442858014787946,Mouthwash -> Horse semen -> Gasoline -> Donut -> Cuke -> Addy -> Donut -> Battery -> Horse semen -> Megabean -> Banana -> Banana -> Cuke -> Energy drink -> Viagra -> Cuke -> Chili -> Motor oil -> Energy drink -> Chili -> Mouthwash,"ANTI_GRAVITY, ATHLETIC, BALDING, BRIGHT_EYED, CYCLOPEAN, ELECTRIFYING, EUPHORIC, GINGERITIS, JENNERISING, LONG_FACED, REFRESHING, SEDATING, SLIPPERY, SNEAKY, SPICY, THOUGHT_PROVOKING, TROPIC_THUNDER, ZOMBIFYING"
483,272.3000183105469,128.30001831054688,144.0,12.96666753859747,6.109524681454613,Megabean -> Mouthwash -> Donut -> Cuke -> Flu-meds -> Gasoline -> Banana -> Battery -> Energy drink -> Gasoline -> Iodine -> Horse semen -> Addy -> Mouthwash -> Megabean -> Donut -> Mouthwash -> Horse semen -> Chili -> Donut -> Mouthwash,"ANTI_GRAVITY, ATHLETIC, BALDING, BRIGHT_EYED, CYCLOPEAN, ELECTRIFYING, ENERGIZING, EUPHORIC, FOGGY, GLOWING, LONG_FACED, PARANOIA, REFRESHING, SEDATING, SLIPPERY, SMELLY, SNEAKY, SPICY, TROPIC_THUNDER, ZOMBIFYING"
484,272.3000183105469,128.30001831054688,144.0,12.96666753859747,6.109524681454613,Gasoline -> Cuke -> Gasoline -> Battery -> Cuke -> Iodine -> Horse semen -> Flu-meds -> Donut -> Energy drink -> Gasoline -> Iodine -> Addy -> Banana -> Megabean -> Donut -> Mouthwash -> Horse semen -> Chili -> Donut -> Mouthwash,"ANTI_GRAVITY, ATHLETIC, BALDING, BRIGHT_EYED, CYCLOPEAN, DISORIENTING, ELECTRIFYING, ENERGIZING, EUPHORIC, FOGGY, GLOWING, LONG_FACED, PARANOIA, REFRESHING, SEDATING, SLIPPERY, SNEAKY, SPICY, TROPIC_THUNDER, ZOMBIFYING"
485,272.3000183105469,135.30001831054688,137.0,13.615000915527343,6.765000915527343,Donut -> Addy -> Horse semen -> Mouthwash -> Iodine -> Gasoline -> Cuke -> Gasoline -> Battery -> Cuke -> Motor oil -> Cuke -> Donut -> Mouthwash -> Addy -> Gasoline -> Horse semen -> Chili -> Donut -> Mouthwash,"ANTI_GRAVITY, ATHLETIC, BALDING, BRIGHT_EYED, CYCLOPEAN, ELECTRIFYING, ENERGIZING, EUPHORIC, FOGGY, GLOWING, LONG_FACED, REFRESHING, SCHIZOPHRENIC, SEDATING, SLIPPERY, SMELLY, SNEAKY, SPICY, TOXIC, TROPIC_THUNDER, ZOMBIFYING"
486,272.3000183105469,136.30001831054688,136.0,13.615000915527343,6.815000915527344,Paracetamol -> Gasoline -> Cuke -> Gasoline -> Battery -> Cuke -> Flu-meds -> Energy drink -> Horse semen -> Iodine -> Gasoline -> Addy -> Banana -> Megabean -> Donut -> Mouthwash -> Horse semen -> Chili -> Donut -> Mouthwash,"ANTI_GRAVITY, ATHLETIC, BALDING, BRIGHT_EYED, CYCLOPEAN, DISORIENTING, ELECTRIFYING, ENERGIZING, EUPHORIC, FOGGY, GLOWING, LONG_FACED, REFRESHING, SEDATING, SLIPPERY, SNEAKY, SPICY, TOXIC, TROPIC_THUNDER, ZOMBIFYING"
487,272.3000183105469,128.30001831054688,144.0,13.615000915527343,6.415000915527344,Gasoline -> Cuke -> Iodine -> Flu-meds -> Donut -> Battery -> Energy drink -> Gasoline -> Iodine -> Horse semen -> Addy -> Megabean -> Banana -> Megabean -> Donut -> Mouthwash -> Horse semen -> Chili -> Donut -> Mouthwash,"ANTI_GRAVITY, ATHLETIC, BALDING, BRIGHT_EYED, CYCLOPEAN, ELECTRIFYING, ENERGIZING, EUPHORIC, FOGGY, GLOWING, LONG_FACED, PARANOIA, REFRESHING, SEDATING, SLIPPERY, SNEAKY, SPICY, TROPIC_THUNDER, ZOMBIFYING"
488,272.3000183105469,135.30001831054688,137.0,13.615000915527343,6.765000915527343,Gasoline -> Viagra -> Cuke -> Gasoline -> Battery -> Cuke -> Flu-meds -> Energy drink -> Horse semen -> Iodine -> Gasoline -> Addy -> Banana -> Megabean -> Donut -> Mouthwash -> Horse semen -> Chili -> Donut -> Mouthwash,"ANTI_GRAVITY, ATHLETIC, BALDING, BRIGHT_EYED, CYCLOPEAN, DISORIENTING, ELECTRIFYING, ENERGIZING, EUPHORIC, FOGGY, GLOWING, LONG_FACED, REFRESHING, SEDATING, SLIPPERY, SNEAKY, SPICY, TROPIC_THUNDER, ZOMBIFYING"
489,272.3000183105469,135.30001831054688,137.0,14.331579911081414,7.121053595291941,Horse semen -> Chili -> Mouthwash -> Megabean -> Energy drink -> Iodine -> Gasoline -> Cuke -> Gasoline -> Battery -> Cuke -> Donut -> Mouthwash -> Addy -> Gasoline -> Horse semen -> Chili -> Donut -> Mouthwash,"ANTI_GRAVITY, ATHLETIC, BALDING, BRIGHT_EYED, CYCLOPEAN, ELECTRIFYING, ENERGIZING, EUPHORIC, FOGGY, GLOWING, LONG_FACED, REFRESHING, SEDATING, SLIPPERY, SMELLY, SNEAKY, SPICY, TOXIC, TROPIC_THUNDER, ZOMBIFYING"
490,272.3000183105469,131.30001831054688,141.0,14.331579911081414,6.9105272795024675,Donut -> Addy -> Megabean -> Energy drink -> Horse semen -> Iodine -> Gasoline -> Battery -> Cuke -> Mouthwash -> Donut -> Motor oil -> Addy -> Mouthwash -> Gasoline -> Horse semen -> Chili -> Donut -> Mouthwash,"ANTI_GRAVITY, ATHLETIC, BALDING, BRIGHT_EYED, CYCLOPEAN, ELECTRIFYING, ENERGIZING, EUPHORIC, FOGGY, GLOWING, LONG_FACED, REFRESHING, SCHIZOPHRENIC, SEDATING, SLIPPERY, SNEAKY, SPICY, TOXIC, TROPIC_THUNDER, ZOMBIFYING"
491,272.3000183105469,140.30001831054688,132.0,14.331579911081414,7.3842114900287825,Chili -> Mouthwash -> Banana -> Gasoline -> Cuke -> Horse semen -> Addy -> Donut -> Iodine -> Energy drink -> Megabean -> Banana -> Battery -> Horse semen -> Banana -> Cuke -> Chili -> Motor oil -> Viagra,"ANTI_GRAVITY, BALDING, BRIGHT_EYED, CALORIE_DENSE, CYCLOPEAN, ELECTRIFYING, EXPLOSIVE, GINGERITIS, GLOWING, JENNERISING, LONG_FACED, REFRESHING, SCHIZOPHRENIC, SLIPPERY, SNEAKY, SPICY, THOUGHT_PROVOKING, TROPIC_THUNDER, ZOMBIFYING"
492,272.3000183105469,143.30001831054688,129.0,14.331579911081414,7.542106226870888,Flu-meds -> Gasoline -> Cuke -> Gasoline -> Battery -> Cuke -> Viagra -> Energy drink -> Horse semen -> Gasoline -> Addy -> Banana -> Megabean -> Donut -> Mouthwash -> Horse semen -> Chili -> Donut -> Mouthwash,"ANTI_GRAVITY, ATHLETIC, BALDING, BRIGHT_EYED, CYCLOPEAN, ELECTRIFYING, ENERGIZING, EUPHORIC, FOGGY, GLOWING, LONG_FACED, REFRESHING, SEDATING, SLIPPERY, SNEAKY, SPICY, TROPIC_THUNDER, ZOMBIFYING"
493,272.3000183105469,135.30001831054688,137.0,15.127778795030382,7.5166676839192705,Addy -> Megabean -> Gasoline -> Battery -> Cuke -> Chili -> Gasoline -> Iodine -> Addy -> Gasoline -> Cuke -> Motor oil -> Energy drink -> Gasoline -> Horse semen -> Chili -> Donut -> Mouthwash,"ANTI_GRAVITY, ATHLETIC, BALDING, BRIGHT_EYED, CYCLOPEAN, ELECTRIFYING, ENERGIZING, EUPHORIC, FOGGY, GLOWING, LONG_FACED, REFRESHING, SEDATING, SLIPPERY, SNEAKY, SPICY, TOXIC, TROPIC_THUNDER, ZOMBIFYING"
494,272.3000183105469,134.30001831054688,138.0,15.127778795030382,7.461112128363715,Donut -> Megabean -> Flu-meds -> Energy drink -> Iodine -> Paracetamol -> Addy -> Horse semen -> Mouthwash -> Battery -> Addy -> Megabean -> Horse semen -> Banana -> Cuke -> Chili -> Motor oil -> Viagra,"ANTI_GRAVITY, BALDING, BRIGHT_EYED, CALORIE_DENSE, CYCLOPEAN, ELECTRIFYING, GINGERITIS, GLOWING, JENNERISING, LONG_FACED, REFRESHING, SCHIZOPHRENIC, SEIZURE_INDUCING, SLIPPERY, SNEAKY, SPICY, THOUGHT_PROVOKING, TROPIC_THUNDER, ZOMBIFYING"
495,272.3000183105469,137.30001831054688,135.0,16.017648135914524,8.076471665326286,Iodine -> Megabean -> Flu-meds -> Energy drink -> Donut -> Addy -> Horse semen -> Mouthwash -> Battery -> Addy -> Megabean -> Horse semen -> Banana -> Cuke -> Chili -> Motor oil -> Viagra,"ANTI_GRAVITY, BALDING, BRIGHT_EYED, CALORIE_DENSE, CYCLOPEAN, ELECTRIFYING, GINGERITIS, GLOWING, JENNERISING, LONG_FACED, REFRESHING, SCHIZOPHRENIC, SLIPPERY, SNEAKY, SPICY, THOUGHT_PROVOKING, TROPIC_THUNDER, ZOMBIFYING"
496,272.29998779296875,113.29998779296875,159.0,11.345832824707031,4.720832824707031,Donut -> Megabean -> Energy drink -> Iodine -> Addy -> Horse semen -> Battery -> Chili -> Cuke -> Energy drink -> Paracetamol -> Addy -> Motor oil -> Megabean -> Banana -> Chili -> Viagra -> Cuke -> Motor oil -> Cuke -> Motor oil -> Viagra -> Cuke -> Viagra,"ANTI_GRAVITY, BALDING, BRIGHT_EYED, CALORIE_DENSE, CYCLOPEAN, ELECTRIFYING, ENERGIZING, GINGERITIS, GLOWING, JENNERISING, LONG_FACED, PARANOIA, SCHIZOPHRENIC, SEDATING, SEIZURE_INDUCING, SNEAKY, SPICY, THOUGHT_PROVOKING, TROPIC_THUNDER, ZOMBIFYING"
497,272.29998779296875,121.29998779296875,151.0,11.83912990404212,5.2739125127377715,Gasoline -> Cuke -> Mouthwash -> Iodine -> Battery -> Addy -> Gasoline -> Horse semen -> Battery -> Addy -> Motor oil -> Cuke -> Megabean -> Banana -> Chili -> Viagra -> Cuke -> Motor oil -> Cuke -> Motor oil -> Viagra -> Cuke -> Viagra,"ANTI_GRAVITY, BALDING, BRIGHT_EYED, CALORIE_DENSE, CYCLOPEAN, ELECTRIFYING, ENERGIZING, GINGERITIS, GLOWING, JENNERISING, LONG_FACED, PARANOIA, SCHIZOPHRENIC, SEDATING, SNEAKY, SPICY, THOUGHT_PROVOKING, TROPIC_THUNDER, ZOMBIFYING"
498,272.29998779296875,106.29998779296875,166.0,12.37727217240767,4.831817626953125,Donut -> Megabean -> Addy -> Horse semen -> Megabean -> Battery -> Iodine -> Motor oil -> Gasoline -> Flu-meds -> Viagra -> Cuke -> Energy drink -> Gasoline -> Addy -> Megabean -> Horse semen -> Mouthwash -> Iodine -> Donut -> Mouthwash -> Iodine,"ANTI_GRAVITY, ATHLETIC, BALDING, BRIGHT_EYED, CYCLOPEAN, DISORIENTING, ELECTRIFYING, ENERGIZING, GINGERITIS, GLOWING, JENNERISING, LONG_FACED, PARANOIA, SEDATING, SEIZURE_INDUCING, SLIPPERY, SMELLY, SNEAKY, THOUGHT_PROVOKING, TROPIC_THUNDER, ZOMBIFYING"
499,272.29998779296875,125.29998779296875,147.0,12.966666085379464,5.966666085379464,Donut -> Megabean -> Energy drink -> Iodine -> Addy -> Horse semen -> Battery -> Chili -> Cuke -> Energy drink -> Paracetamol -> Addy -> Motor oil -> Megabean -> Banana -> Chili -> Viagra -> Cuke -> Motor oil -> Cuke -> Viagra,"ANTI_GRAVITY, BALDING, BRIGHT_EYED, CALORIE_DENSE, CYCLOPEAN, ELECTRIFYING, ENERGIZING, GINGERITIS, GLOWING, JENNERISING, LONG_FACED, SCHIZOPHRENIC, SEDATING, SEIZURE_INDUCING, SNEAKY, SPICY, THOUGHT_PROVOKING, TROPIC_THUNDER, ZOMBIFYING"
